Experiment_Code:		127
HEADER_INFORMATION
Dual_Wavelength_Imaging_With_Two_Object_Classes
Object_by_Object_Ratioing
Threshold=0
Red_Objects=	4	Green_Objects=	0
Reserved
Ion:				Ca++
Wavelength_A:			340
Wavelength_B:			380
A_Exposure_Time:		120
B_Exposure_Time:		30
Minimum_Ion_[nMol]:		0.000000
Maximum_Ion_[nMol]:		602.000000
Calibration_Filename:		dw120404#1.CAL
Calibration_A_Exposure_Time:	120.000000
Calibration_B_Exposure_Time:	30.000000
No._of_Calib._Table_Entries:	5
Ca++	Ratio
  0.00	0.572811
 38.00	0.789131
100.00	1.005634
225.00	1.552722
602.00	2.884055
Image_Width:			696
Image_Height:			512
Number_of_Time_Points:		354
Number_of_Objects:		4
Event_Times			0
Horizontal_Binning=2
Vertical_Binning=2
Reserved
DATA_AFTER_THIS_LINE
Time[seconds]	  340[01]	  380[01]	 Ca++[01]	  340[02]	  380[02]	 Ca++[02]	  340[03]	  380[03]	 Ca++[03]	  340[04]	  380[04]	 Ca++[04]	
    0.23	       78	       74	      111	      200	      255	       36	      291	      358	       44	      214	      256	       50	
    2.28	       78	       71	      121	      199	      252	       38	      295	      357	       48	      218	      254	       57	
    4.33	       76	       73	      109	      197	      254	       35	      293	      359	       45	      216	      256	       53	
    6.38	       78	       71	      121	      199	      252	       38	      295	      357	       48	      218	      254	       57	
    8.42	       78	       71	      122	      199	      252	       38	      291	      358	       45	      214	      254	       52	
   10.47	       78	       71	      121	      199	      252	       38	      291	      357	       45	      214	      254	       53	
   12.52	       78	       71	      122	      199	      252	       38	      291	      356	       45	      214	      255	       52	
   14.56	       78	       73	      114	      199	      253	       37	      294	      360	       46	      218	      256	       55	
   16.61	       80	       71	      127	      201	      252	       40	      293	      357	       46	      216	      254	       55	
   18.66	       78	       71	      120	      199	      252	       38	      293	      357	       46	      216	      254	       55	
   20.70	       78	       71	      122	      199	      252	       38	      295	      357	       48	      218	      254	       57	
   22.75	       80	       71	      128	      201	      252	       40	      293	      357	       47	      216	      254	       54	
   24.75	       78	       71	      122	      199	      252	       38	      294	      357	       48	      218	      254	       58	
   26.80	       78	       71	      121	      199	      252	       38	      295	      357	       48	      218	      254	       57	
   28.84	       78	       71	      120	      199	      252	       38	      295	      357	       48	      218	      254	       57	
   30.89	       78	       71	      122	      199	      252	       38	      295	      357	       48	      218	      254	       57	
   32.94	       78	       71	      121	      199	      252	       39	      291	      357	       45	      214	      254	       53	
   34.98	       78	       71	      122	      199	      252	       38	      295	      357	       48	      218	      254	       57	
   37.03	       78	       71	      121	      199	      251	       38	      295	      358	       48	      217	      254	       57	
   39.08	       78	       73	      114	      199	      253	       37	      291	      360	       44	      214	      256	       51	
   41.13	       78	       73	      116	      199	      253	       37	      291	      360	       43	      214	      256	       51	
   43.17	       76	       71	      114	      197	      251	       37	      293	      357	       47	      216	      254	       54	
   45.22	       78	       71	      122	      199	      251	       39	      291	      357	       45	      214	      254	       53	
   47.27	       78	       71	      122	      199	      251	       39	      291	      357	       45	      214	      254	       53	
   49.31	       78	       71	      122	      199	      251	       39	      291	      357	       45	      214	      253	       53	
   51.36	       79	       73	      116	      199	      253	       37	      291	      360	       43	      214	      255	       52	
   53.36	       78	       71	      121	      199	      251	       38	      293	      358	       46	      216	      253	       56	
   55.41	       78	       71	      121	      199	      251	       38	      291	      359	       44	      214	      253	       54	
   57.45	       80	       71	      127	      201	      251	       41	      293	      359	       46	      216	      254	       56	
   59.50	       78	       71	      121	      199	      251	       39	      291	      358	       44	      214	      254	       53	
   61.55	       76	       71	      114	      197	      251	       37	      292	      358	       46	      216	      253	       56	
   63.59	       78	       71	      121	      199	      251	       39	      291	      358	       44	      214	      253	       53	
   65.64	       78	       73	      115	      199	      253	       37	      290	      360	       42	      213	      255	       51	
   67.69	       79	       73	      115	      199	      252	       38	      291	      360	       43	      213	      255	       51	
   69.73	       78	       71	      122	      199	      250	       39	      293	      357	       46	      215	      253	       55	
   71.78	       78	       73	      115	      199	      252	       37	      291	      360	       44	      213	      255	       51	
   73.83	       78	       73	      115	      199	      252	       38	      291	      359	       43	      213	      255	       51	
   75.88	       78	       71	      121	      199	      250	       40	      292	      358	       45	      215	      253	       55	
   77.92	       78	       71	      120	      199	      250	       40	      293	      357	       47	      215	      253	       54	
   79.97	       78	       71	      123	      199	      250	       40	      294	      358	       47	      217	      253	       57	
   82.02	       80	       71	      128	      201	      250	       42	      292	      357	       46	      215	      253	       55	
   84.06	       78	       73	      115	      199	      252	       38	      295	      360	       46	      217	      255	       55	
   86.11	       78	       73	      116	      199	      252	       38	      291	      360	       43	      213	      255	       50	
   88.16	       78	       71	      119	      199	      250	       39	      295	      357	       48	      217	      253	       57	
   90.20	       78	       71	      121	      199	      250	       40	      293	      357	       46	      215	      253	       55	
   92.25	       78	       71	      120	      199	      250	       39	      293	      357	       47	      215	      253	       55	
   94.30	       78	       73	      113	      198	      252	       37	      291	      359	       44	      213	      255	       51	
   96.30	       78	       69	      128	      198	      248	       41	      293	      355	       48	      215	      250	       57	
   98.34	       78	       71	      120	      199	      250	       39	      291	      357	       45	      213	      253	       53	
  100.39	       78	       73	      113	      198	      252	       37	      295	      359	       47	      217	      254	       56	
  102.44	       77	       71	      115	      197	      250	       37	      293	      358	       46	      215	      253	       55	
  104.48	       78	       71	      120	      198	      250	       39	      291	      357	       45	      213	      253	       53	
  106.53	       78	       73	      115	      199	      251	       38	      291	      360	       43	      213	      254	       51	
  108.58	       78	       71	      121	      198	      250	       39	      291	      358	       45	      213	      253	       52	
  110.63	       79	       72	      121	      199	      250	       39	      290	      357	       44	      213	      252	       53	
  112.67	       78	       73	      114	      199	      252	       37	      291	      360	       43	      213	      254	       51	
  114.72	       78	       71	      120	      199	      250	       39	      293	      357	       47	      215	      252	       55	
  116.77	       80	       71	      128	      201	      250	       42	      293	      357	       46	      215	      252	       55	
  118.81	       78	       73	      114	      198	      252	       37	      291	      359	       44	      213	      255	       51	
  120.86	       78	       73	      114	      198	      252	       37	      295	      360	       46	      216	      254	       56	
  122.91	       79	       71	      121	      199	      250	       40	      295	      358	       48	      217	      252	       58	
  124.95	       79	       72	      121	      199	      250	       39	      291	      357	       45	      213	      252	       53	
  127.00	       79	       73	      115	      199	      252	       38	      295	      360	       47	      217	      254	       56	
  129.05	       78	       73	      115	      199	      252	       38	      291	      359	       43	      213	      254	       52	
  131.05	       79	       73	      115	      199	      252	       38	      291	      359	       44	      213	      254	       52	
  133.09	       78	       73	      115	      198	      252	       38	      292	      358	       45	      213	      254	       52	
  135.14	       78	       73	      114	      199	      251	       38	      292	      358	       45	      213	      254	       52	
  137.19	       78	       73	      113	      198	      251	       37	      294	      358	       47	      215	      254	       54	
  139.23	       77	       73	      108	      197	      252	       36	      294	      358	       46	      215	      253	       55	
  141.28	       78	       71	      120	      198	      250	       39	      291	      356	       46	      213	      252	       54	
  143.33	       78	       71	      120	      198	      249	       39	      293	      355	       48	      214	      251	       56	
  145.38	       78	       71	      121	      198	      250	       39	      295	      356	       49	      217	      251	       58	
  147.42	       78	       72	      119	      198	      250	       39	      296	      355	       50	      217	      251	       59	
  149.47	       78	       73	      113	      198	      251	       38	      292	      357	       46	      213	      253	       52	
  151.52	       78	       73	      114	      198	      251	       38	      291	      357	       45	      212	      253	       52	
  153.56	       78	       72	      119	      198	      249	       39	      294	      355	       49	      215	      252	       56	
  155.56	       78	       71	      122	      199	      249	       40	      292	      355	       47	      213	      251	       54	
  157.61	       78	       71	      121	      199	      249	       40	      294	      355	       49	      215	      251	       56	
  159.66	       79	       73	      115	      199	      251	       38	      292	      357	       46	      212	      254	       52	
  161.70	       78	       72	      119	      199	      250	       40	      292	      355	       47	      213	      252	       54	
  163.75	       79	       73	      115	      199	      251	       38	      292	      357	       46	      213	      253	       52	
  165.80	       78	       72	      119	      199	      249	       40	      294	      355	       49	      214	      251	       56	
  167.84	       78	       71	      120	      199	      249	       40	      296	      355	       50	      216	      251	       58	
  169.89	       78	       72	      118	      199	      249	       41	      292	      354	       48	      212	      251	       54	
  171.94	       78	       73	      113	      198	      250	       39	      297	      357	       50	      216	      253	       56	
  173.98	       78	       71	      121	      199	      248	       41	      292	      354	       48	      212	      251	       54	
  176.03	       78	       71	      121	      199	      249	       41	      294	      355	       49	      214	      251	       56	
  178.08	       80	       71	      126	      200	      248	       43	      294	      355	       48	      215	      251	       56	
  180.08	       79	       69	      129	      199	      246	       43	      292	      353	       48	      213	      249	       56	
  182.13	       78	       72	      120	      199	      248	       41	      291	      355	       46	      212	      251	       54	
  184.17	       78	       72	      119	      199	      248	       42	      291	      354	       47	      213	      251	       55	
  186.22	       78	       73	      114	      199	      249	       41	      296	      357	       49	      216	      253	       57	
  188.27	       76	       73	      109	      199	      247	       42	      293	      356	       48	      215	      251	       57	
  190.31	       78	       72	      119	      203	      242	       52	      295	      352	       52	      216	      248	       61	
  192.36	       79	       71	      122	      207	      236	       63	      295	      350	       53	      218	      243	       69	
  194.41	       78	       73	      114	      215	      228	       82	      298	      348	       57	      225	      237	       83	
  196.45	       79	       71	      123	      246	      177	      186	      301	      342	       64	      226	      233	       90	
  198.50	       80	       71	      126	      290	      134	      398	      307	      336	       73	      237	      223	      113	
  200.50	       78	       71	      121	      282	      141	      348	      315	      328	       87	      245	      215	      131	
  202.55	       80	       70	      131	      276	      151	      304	      327	      307	      113	      262	      191	      182	
  204.59	       78	       71	      121	      267	      162	      251	      377	      239	      232	      263	      190	      186	
  206.59	       79	       73	      115	      260	      172	      213	      404	      207	      337	      259	      198	      168	
  208.64	       78	       71	      120	      253	      179	      193	      406	      207	      339	      257	      202	      160	
  210.69	       80	       73	      121	      249	      187	      174	      400	      216	      309	      250	      210	      141	
  212.73	       77	       73	      111	      242	      193	      157	      395	      224	      283	      247	      216	      131	
  214.78	       78	       72	      119	      239	      196	      149	      386	      232	      255	      242	      218	      123	
  216.83	       78	       71	      121	      237	      199	      141	      381	      241	      233	      242	      219	      122	
  218.88	       78	       73	      114	      235	      203	      134	      371	      251	      207	      243	      215	      129	
  220.88	       78	       71	      120	      233	      203	      132	      368	      255	      200	      247	      213	      135	
  222.92	       79	       71	      122	      234	      203	      132	      361	      262	      185	      243	      217	      126	
  224.97	       80	       72	      125	      235	      202	      135	      360	      265	      181	      241	      220	      120	
  227.02	       78	       72	      120	      235	      201	      137	      360	      269	      176	      241	      224	      116	
  229.06	       78	       71	      121	      237	      198	      143	      354	      271	      168	      234	      227	      106	
  231.11	       78	       73	      113	      241	      194	      153	      355	      272	      168	      231	      232	       97	
  233.11	       78	       71	      120	      247	      185	      174	      359	      270	      174	      233	      233	       98	
  235.16	       79	       71	      121	      258	      170	      216	      354	      270	      169	      227	      235	       88	
  237.20	       79	       71	      121	      284	      137	      369	      357	      266	      177	      225	      237	       84	
  239.25	       79	       71	      121	      286	      137	      375	      366	      260	      191	      229	      238	       87	
  241.30	       79	       73	      114	      280	      146	      328	      368	      254	      201	      224	      240	       79	
  243.34	       78	       71	      122	      273	      153	      289	      369	      250	      207	      223	      239	       79	
  245.39	       78	       72	      120	      265	      163	      245	      370	      252	      205	      224	      240	       78	
  247.44	       78	       71	      122	      257	      173	      210	      369	      255	      201	      225	      241	       79	
  249.48	       79	       73	      114	      251	      184	      181	      363	      260	      188	      221	      244	       71	
  251.53	       78	       71	      121	      244	      189	      164	      364	      262	      187	      224	      243	       76	
  253.58	       80	       71	      127	      241	      196	      152	      359	      266	      178	      221	      243	       72	
  255.63	       80	       72	      125	      237	      200	      140	      358	      267	      177	      221	      244	       71	
  257.67	       78	       71	      121	      232	      204	      129	      363	      262	      185	      222	      244	       72	
  259.67	       79	       73	      116	      230	      210	      120	      363	      259	      190	      218	      246	       65	
  261.72	       78	       72	      120	      227	      211	      116	      367	      255	      197	      220	      244	       70	
  263.77	       79	       73	      115	      225	      215	      109	      365	      258	      192	      218	      246	       65	
  265.81	       78	       71	      120	      223	      215	      106	      366	      258	      193	      222	      245	       71	
  267.86	       78	       73	      114	      222	      218	      102	      359	      264	      180	      218	      247	       64	
  269.91	       78	       71	      121	      221	      218	      102	      357	      266	      176	      218	      245	       66	
  271.95	       78	       73	      114	      220	      221	       97	      357	      273	      168	      221	      247	       68	
  274.00	       78	       73	      114	      219	      222	       95	      350	      278	      157	      217	      247	       63	
  276.05	       79	       73	      116	      219	      222	       94	      352	      279	      157	      221	      247	       68	
  278.09	       78	       72	      120	      219	      221	       95	      348	      278	      155	      217	      245	       66	
  280.14	       79	       72	      120	      218	      222	       94	      351	      276	      160	      220	      244	       70	
  282.19	       78	       71	      121	      218	      221	       94	      353	      274	      164	      222	      243	       73	
  284.23	       78	       71	      120	      219	      220	       96	      353	      269	      170	      219	      242	       71	
  286.23	       78	       71	      120	      220	      219	       99	      365	      259	      192	      228	      235	       89	
  288.28	       78	       71	      121	      222	      216	      104	      371	      247	      213	      227	      234	       90	
  290.33	       79	       71	      121	      225	      213	      111	      378	      237	      236	      226	      234	       88	
  292.38	       79	       72	      122	      230	      206	      124	      379	      235	      240	      225	      235	       86	
  294.42	       78	       71	      120	      236	      198	      143	      381	      238	      238	      228	      236	       87	
  296.47	       78	       72	      119	      251	      177	      193	      375	      244	      222	      226	      238	       83	
  298.52	       78	       72	      119	      286	      134	      386	      367	      251	      204	      221	      240	       75	
  300.56	       78	       72	      119	      284	      137	      369	      367	      257	      196	      223	      242	       76	
  302.61	       79	       72	      120	      277	      146	      322	      358	      263	      181	      218	      243	       68	
  304.66	       79	       72	      120	      269	      156	      271	      360	      267	      178	      221	      244	       72	
  306.66	       77	       72	      113	      259	      167	      224	      355	      270	      170	      219	      244	       68	
  308.70	       78	       73	      115	      253	      179	      192	      354	      275	      164	      220	      246	       68	
  310.75	       79	       73	      114	      246	      189	      167	      348	      278	      156	      217	      247	       63	
  312.80	       78	       71	      120	      240	      194	      152	      348	      276	      158	      217	      244	       65	
  314.84	       79	       71	      122	      235	      200	      137	      352	      276	      161	      221	      243	       71	
  316.89	       78	       71	      120	      231	      205	      127	      353	      274	      164	      223	      241	       77	
  318.94	       78	       71	      121	      228	      209	      119	      357	      268	      174	      229	      234	       92	
  320.98	       79	       71	      121	      225	      213	      112	      363	      260	      188	      236	      224	      110	
  323.03	       78	       73	      114	      223	      217	      104	      367	      258	      194	      253	      204	      153	
  325.08	       79	       72	      120	      221	      218	      102	      370	      251	      206	      260	      197	      171	
  327.13	       80	       71	      126	      221	      219	      100	      371	      248	      211	      255	      201	      160	
  329.13	       79	       72	      119	      219	      221	       95	      369	      249	      208	      250	      206	      147	
  331.17	       77	       73	      109	      216	      223	       89	      369	      253	      203	      245	      215	      130	
  333.22	       79	       72	      121	      218	      222	       92	      369	      251	      205	      239	      220	      118	
  335.22	       79	       73	      114	      217	      225	       89	      364	      256	      195	      232	      227	      103	
  337.27	       79	       72	      120	      217	      223	       91	      366	      256	      196	      232	      230	      100	
  339.31	       79	       74	      113	      217	      224	       89	      362	      260	      188	      225	      236	       85	
  341.36	       78	       73	      113	      218	      224	       90	      365	      259	      192	      227	      238	       84	
  343.41	       79	       72	      120	      219	      220	       96	      365	      257	      194	      225	      238	       82	
  345.45	       79	       74	      113	      220	      221	       96	      359	      262	      183	      220	      242	       72	
  347.50	       78	       72	      119	      220	      217	      102	      358	      263	      180	      219	      241	       72	
  349.50	       78	       73	      113	      223	      216	      106	      358	      268	      175	      222	      244	       73	
  351.55	       77	       72	      114	      226	      208	      117	      354	      270	      169	      220	      243	       71	
  353.59	       77	       71	      116	      232	      200	      135	      352	      272	      164	      219	      243	       70	
  355.64	       79	       72	      120	      246	      183	      177	      351	      273	      164	      219	      243	       70	
  357.69	       79	       71	      121	      282	      137	      366	      354	      273	      166	      221	      243	       72	
  359.73	       79	       71	      121	      284	      138	      368	      350	      272	      164	      218	      242	       70	
  361.78	       79	       72	      120	      276	      147	      316	      358	      266	      177	      224	      240	       78	
  363.83	       78	       72	      119	      267	      159	      261	      359	      259	      187	      223	      235	       84	
  365.83	       79	       74	      114	      258	      172	      213	      367	      250	      204	      229	      230	       97	
  367.88	       79	       72	      119	      250	      181	      185	      373	      241	      223	      231	      229	      100	
  369.92	       78	       72	      119	      242	      190	      160	      379	      240	      231	      234	      230	      102	
  371.97	       79	       72	      120	      237	      197	      143	      374	      243	      221	      231	      231	       98	
  374.02	       78	       72	      120	      231	      204	      129	      369	      250	      206	      230	      232	       95	
  376.06	       79	       72	      120	      228	      209	      119	      365	      258	      192	      230	      234	       93	
  378.11	       79	       71	      121	      225	      213	      111	      355	      266	      174	      224	      236	       83	
  380.11	       79	       74	      114	      222	      218	      102	      349	      275	      159	      222	      240	       76	
  382.16	       78	       69	      126	      219	      217	      100	      347	      276	      157	      222	      238	       78	
  384.20	       78	       72	      120	      218	      221	       93	      345	      282	      149	      220	      242	       72	
  386.20	       79	       72	      120	      216	      223	       89	      339	      287	      140	      218	      243	       68	
  388.25	       78	       74	      112	      215	      227	       83	      341	      291	      137	      220	      246	       68	
  390.30	       79	       72	      120	      214	      226	       82	      336	      290	      135	      216	      244	       64	
  392.34	       78	       71	      121	      212	      227	       79	      334	      293	      130	      215	      245	       63	
  394.39	       77	       71	      115	      211	      227	       77	      335	      293	      131	      217	      245	       65	
  396.44	       78	       72	      120	      212	      228	       78	      336	      295	      130	      219	      245	       67	
  398.48	       79	       72	      120	      212	      228	       78	      333	      296	      127	      217	      245	       64	
  400.48	       79	       70	      127	      213	      225	       82	      332	      296	      126	      217	      243	       66	
  402.53	       78	       72	      119	      214	      225	       84	      329	      302	      119	      216	      245	       65	
  404.58	       78	       72	      119	      216	      223	       88	      328	      304	      116	      216	      245	       64	
  406.63	       78	       72	      118	      218	      220	       95	      330	      303	      119	      219	      245	       67	
  408.67	       77	       72	      115	      218	      217	      100	      329	      302	      119	      217	      245	       65	
  410.72	       78	       74	      112	      223	      215	      107	      329	      302	      119	      215	      247	       61	
  412.77	       78	       72	      119	      227	      208	      119	      337	      292	      134	      219	      245	       67	
  414.77	       81	       72	      126	      234	      201	      136	      344	      281	      149	      217	      245	       65	
  416.81	       79	       74	      113	      245	      185	      173	      352	      268	      170	      215	      246	       61	
  418.86	       79	       72	      121	      285	      134	      384	      364	      254	      197	      217	      244	       67	
  420.86	       79	       71	      121	      281	      140	      352	      372	      246	      215	      219	      243	       70	
  422.91	       79	       72	      120	      272	      151	      294	      373	      242	      222	      218	      243	       68	
  424.95	       78	       72	      120	      262	      164	      237	      370	      245	      215	      216	      242	       67	
  427.00	       78	       74	      113	      252	      178	      193	      366	      252	      202	      217	      242	       69	
  429.05	       79	       72	      120	      243	      188	      165	      361	      257	      191	      222	      235	       81	
  431.09	       79	       72	      121	      237	      197	      144	      360	      263	      182	      228	      233	       91	
  433.14	       79	       74	      114	      230	      207	      124	      355	      271	      169	      227	      236	       87	
  435.19	       79	       74	      114	      225	      212	      112	      349	      276	      158	      222	      237	       80	
  437.23	       78	       72	      118	      222	      215	      105	      349	      276	      158	      225	      237	       83	
  439.23	       79	       72	      119	      218	      219	       96	      348	      275	      158	      221	      238	       77	
  441.28	       79	       74	      114	      216	      225	       87	      352	      275	      162	      221	      243	       73	
  443.33	       79	       73	      115	      214	      227	       81	      351	      271	      166	      216	      244	       65	
  445.38	       77	       72	      112	      210	      228	       75	      356	      265	      177	      217	      243	       68	
  447.42	       78	       74	      112	      210	      232	       71	      355	      265	      176	      215	      245	       62	
  449.47	       77	       72	      112	      207	      232	       67	      360	      259	      187	      216	      244	       65	
  451.52	       79	       72	      119	      208	      232	       68	      358	      259	      186	      214	      244	       63	
  453.56	       79	       72	      120	      207	      234	       66	      362	      259	      189	      218	      244	       67	
  455.61	       79	       72	      119	      207	      234	       64	      359	      259	      186	      214	      245	       62	
  457.66	       81	       72	      127	      208	      235	       65	      359	      260	      185	      215	      245	       64	
  459.70	       79	       72	      120	      205	      235	       62	      355	      263	      178	      214	      244	       62	
  461.75	       79	       72	      120	      205	      236	       61	      353	      265	      174	      214	      244	       63	
  463.80	       79	       74	      113	      205	      238	       58	      354	      266	      174	      214	      246	       61	
  465.84	       79	       72	      118	      205	      236	       60	      354	      264	      176	      214	      243	       64	
  467.89	       77	       72	      113	      203	      236	       58	      354	      267	      172	      219	      239	       74	
  469.94	       79	       72	      120	      204	      236	       60	      348	      270	      164	      224	      230	       91	
  471.98	       78	       72	      117	      205	      236	       59	      349	      275	      159	      234	      223	      109	
  474.03	       79	       72	      118	      204	      236	       59	      345	      279	      152	      237	      216	      121	
  476.08	       79	       72	      121	      204	      236	       59	      340	      283	      145	      251	      198	      160	
  478.13	       79	       74	      115	      204	      238	       57	      339	      286	      140	      252	      200	      157	
  480.17	       78	       72	      120	      204	      236	       59	      342	      283	      146	      252	      202	      155	
  482.22	       77	       72	      113	      202	      236	       57	      343	      280	      149	      245	      209	      138	
  484.27	       79	       72	      119	      204	      236	       58	      343	      278	      152	      237	      215	      121	
  486.31	       81	       74	      120	      206	      238	       59	      350	      279	      156	      237	      224	      112	
  488.36	       79	       72	      120	      204	      237	       58	      346	      278	      154	      230	      228	      100	
  490.41	       79	       74	      113	      204	      238	       58	      346	      282	      150	      227	      234	       89	
  492.45	       79	       72	      120	      204	      235	       61	      341	      280	      147	      221	      235	       80	
  494.50	       78	       74	      113	      205	      236	       61	      340	      284	      143	      218	      240	       72	
  496.55	       79	       74	      114	      207	      235	       64	      338	      286	      140	      217	      242	       69	
  498.59	       78	       72	      120	      207	      232	       67	      338	      285	      140	      218	      241	       70	
  500.59	       79	       74	      113	      207	      234	       65	      339	      289	      138	      219	      244	       68	
  502.64	       81	       72	      125	      209	      231	       71	      338	      287	      139	      216	      242	       67	
  504.69	       78	       72	      118	      208	      230	       70	      338	      289	      137	      218	      243	       68	
  506.73	       79	       72	      120	      209	      229	       73	      333	      292	      130	      213	      244	       62	
  508.78	       79	       72	      120	      210	      228	       76	      332	      296	      126	      217	      243	       67	
  510.83	       78	       74	      112	      211	      228	       76	      326	      301	      117	      213	      246	       60	
  512.88	       79	       72	      120	      213	      224	       84	      325	      303	      115	      214	      244	       63	
  514.92	       79	       72	      120	      215	      221	       91	      321	      306	      110	      212	      244	       60	
  516.97	       79	       72	      120	      218	      216	      101	      320	      308	      107	      212	      245	       60	
  519.02	       79	       72	      119	      225	      208	      116	      324	      307	      111	      216	      244	       64	
  521.06	       79	       72	      119	      237	      192	      152	      319	      309	      105	      212	      245	       60	
  523.11	       77	       72	      115	      276	      139	      349	      320	      311	      105	      214	      245	       62	
  525.16	       79	       72	      121	      279	      140	      350	      322	      311	      106	      216	      245	       64	
  527.20	       79	       74	      113	      270	      153	      282	      317	      313	      101	      212	      247	       57	
  529.25	       77	       72	      114	      257	      165	      224	      319	      310	      105	      214	      245	       62	
  531.30	       79	       72	      121	      248	      179	      187	      322	      310	      107	      215	      245	       64	
  533.30	       79	       72	      121	      239	      190	      158	      316	      311	      102	      212	      244	       60	
  535.34	       77	       73	      110	      231	      201	      133	      317	      316	       98	      214	      246	       60	
  537.39	       79	       72	      121	      227	      206	      121	      316	      314	      100	      214	      245	       62	
  539.44	       79	       74	      114	      222	      214	      106	      317	      317	       97	      215	      246	       62	
  541.48	       79	       72	      121	      218	      217	      100	      313	      317	       94	      214	      244	       62	
  543.53	       79	       74	      112	      215	      223	       88	      311	      321	       89	      211	      246	       58	
  545.58	       77	       72	      113	      210	      224	       80	      312	      320	       91	      213	      244	       62	
  547.63	       79	       74	      114	      210	      228	       75	      313	      323	       89	      215	      246	       63	
  549.67	       79	       74	      112	      208	      231	       70	      311	      324	       86	      213	      246	       60	
  551.72	       77	       72	      112	      205	      231	       66	      309	      322	       87	      213	      244	       62	
  553.77	       79	       72	      119	      206	      233	       65	      309	      323	       86	      213	      244	       62	
  555.81	       79	       72	      120	      205	      233	       64	      306	      323	       83	      211	      244	       60	
  557.86	       79	       74	      113	      205	      235	       61	      310	      325	       85	      215	      245	       63	
  559.91	       79	       74	      113	      204	      236	       60	      306	      326	       81	      211	      245	       58	
  561.95	       79	       72	      120	      204	      235	       60	      306	      325	       82	      211	      244	       60	
  564.00	       79	       72	      120	      203	      235	       59	      305	      325	       80	      211	      244	       60	
  566.05	       79	       74	      113	      203	      238	       56	      305	      328	       78	      211	      246	       58	
  568.09	       79	       72	      120	      203	      236	       57	      307	      327	       80	      215	      244	       64	
  570.14	       80	       72	      125	      205	      236	       60	      304	      328	       77	      212	      244	       61	
  572.14	       79	       72	      120	      202	      237	       56	      302	      329	       74	      211	      244	       59	
  574.19	       79	       72	      119	      202	      237	       56	      301	      332	       71	      211	      243	       59	
  576.23	       79	       72	      121	      202	      237	       55	      304	      331	       75	      215	      244	       64	
  578.28	       79	       72	      119	      202	      237	       55	      301	      332	       71	      211	      243	       59	
  580.33	       79	       72	      120	      201	      237	       55	      303	      332	       73	      215	      244	       64	
  582.38	       79	       72	      119	      202	      238	       55	      304	      331	       75	      214	      243	       64	
  584.42	       79	       72	      118	      201	      237	       54	      300	      332	       70	      211	      243	       60	
  586.47	       79	       72	      121	      202	      237	       55	      299	      334	       68	      210	      243	       60	
  588.52	       79	       72	      119	      201	      237	       55	      298	      334	       67	      211	      243	       60	
  590.56	       79	       72	      119	      202	      237	       56	      299	      335	       67	      213	      243	       62	
  592.56	       79	       72	      119	      202	      237	       56	      297	      335	       65	      211	      243	       60	
  594.61	       79	       74	      113	      202	      239	       54	      300	      337	       66	      215	      245	       63	
  596.66	       79	       72	      120	      202	      236	       56	      296	      337	       63	      211	      242	       61	
  598.70	       79	       72	      120	      202	      236	       56	      295	      337	       62	      211	      242	       61	
  600.75	       78	       72	      118	      202	      236	       56	      298	      339	       64	      215	      242	       66	
  602.80	       79	       74	      114	      202	      238	       55	      294	      341	       58	      211	      244	       60	
  604.80	       79	       72	      119	      202	      236	       57	      297	      341	       61	      215	      242	       66	
  606.84	       79	       72	      118	      203	      236	       58	      293	      341	       57	      211	      242	       61	
  608.89	       79	       74	      113	      203	      237	       56	      293	      344	       55	      211	      244	       59	
  610.94	       79	       72	      118	      203	      235	       59	      292	      341	       57	      211	      242	       61	
  612.98	       79	       74	      114	      204	      236	       58	      292	      343	       56	      211	      244	       59	
  615.03	       79	       74	      114	      204	      236	       59	      293	      342	       57	      210	      244	       58	
  617.08	       79	       72	      120	      204	      234	       61	      293	      340	       58	      211	      243	       60	
  619.08	       79	       74	      113	      204	      235	       60	      292	      343	       56	      211	      244	       59	
  621.13	       79	       74	      113	      205	      235	       61	      292	      343	       55	      211	      244	       59	
  623.17	       79	       72	      118	      205	      232	       65	      293	      342	       57	      213	      242	       63	
  625.17	       79	       72	      119	      206	      231	       66	      291	      342	       55	      211	      242	       62	
  627.22	       79	       72	      119	      206	      230	       68	      292	      341	       56	      211	      241	       63	
  629.27	       79	       74	      113	      207	      232	       68	      291	      344	       54	      212	      243	       61	
  631.31	       79	       72	      120	      207	      229	       71	      296	      340	       60	      216	      241	       68	
  633.36	       79	       73	      118	      208	      228	       73	      293	      340	       59	      212	      240	       65	
  635.41	       77	       72	      114	      208	      226	       75	      296	      339	       61	      215	      240	       68	
  637.45	       79	       74	      112	      211	      226	       80	      295	      340	       61	      213	      241	       65	
  639.50	       79	       72	      119	      214	      220	       89	      296	      334	       65	      214	      238	       69	
  641.55	       79	       72	      118	      216	      217	       96	      302	      333	       71	      218	      238	       74	
  643.59	       79	       72	      119	      219	      213	      105	      299	      333	       69	      214	      238	       69	
  645.64	       79	       74	      113	      226	      206	      120	      300	      334	       69	      213	      240	       66	
  647.64	       79	       72	      118	      239	      186	      162	      301	      329	       73	      213	      238	       68	
  649.69	       78	       72	      118	      275	      140	      339	      306	      327	       80	      217	      239	       71	
  651.73	       79	       72	      120	      274	      143	      326	      305	      325	       80	      213	      239	       66	
  653.78	       79	       74	      113	      264	      157	      260	      309	      327	       82	      216	      242	       68	
  655.83	       79	       72	      121	      254	      169	      213	      309	      324	       84	      216	      240	       69	
  657.88	       79	       74	      114	      244	      184	      173	      305	      326	       80	      212	      242	       62	
  659.92	       77	       72	      113	      234	      193	      147	      309	      322	       86	      213	      241	       65	
  661.92	       79	       74	      113	      229	      203	      127	      308	      323	       85	      211	      242	       62	
  663.97	       79	       74	      113	      223	      210	      113	      309	      322	       86	      211	      243	       60	
  666.02	       79	       74	      113	      219	      216	      102	      308	      322	       86	      211	      242	       61	
  668.06	       79	       74	      113	      216	      220	       92	      310	      321	       88	      211	      243	       61	
  670.11	       79	       72	      120	      212	      222	       85	      314	      318	       94	      215	      241	       68	
  672.16	       79	       72	      119	      211	      225	       79	      314	      319	       93	      215	      241	       67	
  674.20	       79	       72	      118	      208	      228	       73	      310	      319	       90	      211	      241	       63	
  676.25	       79	       72	      121	      207	      230	       70	      310	      319	       89	      211	      241	       62	
  678.30	       79	       73	      118	      206	      231	       66	      308	      320	       87	      211	      241	       62	
  680.30	       79	       74	      113	      205	      235	       61	      309	      323	       85	      210	      242	       60	
  682.34	       79	       73	      118	      203	      235	       59	      312	      318	       92	      213	      241	       65	
  684.39	       79	       73	      118	      202	      235	       58	      314	      318	       95	      215	      240	       67	
  686.44	       79	       72	      120	      202	      237	       56	      310	      319	       90	      211	      240	       63	
  688.48	       79	       74	      113	      201	      239	       53	      311	      319	       91	      211	      242	       62	
  690.53	       77	       72	      113	      199	      237	       52	      315	      314	       99	      214	      240	       67	
  692.58	       79	       72	      120	      200	      238	       53	      315	      312	      101	      212	      240	       64	
  694.58	       79	       72	      119	      200	      238	       52	      319	      308	      107	      214	      239	       67	
  696.63	       79	       71	      125	      200	      236	       54	      322	      303	      112	      214	      237	       70	
  698.67	       79	       72	      119	      200	      239	       51	      322	      301	      114	      212	      239	       65	
  700.67	       79	       73	      117	      199	      238	       51	      325	      298	      119	      212	      238	       67	
  702.72	       79	       74	      114	      199	      240	       49	      329	      294	      126	      212	      240	       66	
  704.77	       79	       73	      118	      199	      238	       51	      333	      285	      137	      214	      236	       71	
  706.81	       79	       72	      118	      199	      238	       50	      340	      280	      148	      220	      231	       85	
  708.86	       77	       72	      113	      197	      238	       49	      345	      275	      156	      228	      221	      106	
  710.91	       79	       74	      112	      200	      239	       51	      345	      273	      158	      233	      217	      116	
  712.95	       77	       73	      112	      198	      238	       50	      348	      269	      166	      235	      216	      119	
  715.00	       79	       72	      120	      199	      238	       52	      348	      267	      168	      231	      218	      112	
  717.05	       77	       73	      112	      198	      238	       50	      351	      264	      173	      231	      221	      108	
  719.09	       79	       74	      114	      199	      239	       50	      350	      267	      169	      226	      226	       97	
  721.14	       79	       74	      114	      200	      239	       51	      352	      269	      169	      226	      230	       93	
