Experiment_Code:		127
HEADER_INFORMATION
Dual_Wavelength_Imaging_With_Two_Object_Classes
Object_by_Object_Ratioing
Threshold=0
Red_Objects=	7	Green_Objects=	0
Reserved
Ion:				Ca++
Wavelength_A:			340
Wavelength_B:			380
A_Exposure_Time:		120
B_Exposure_Time:		30
Minimum_Ion_[nMol]:		0.000000
Maximum_Ion_[nMol]:		602.000000
Calibration_Filename:		dw120404#1.CAL
Calibration_A_Exposure_Time:	120.000000
Calibration_B_Exposure_Time:	30.000000
No._of_Calib._Table_Entries:	5
Ca++	Ratio
  0.00	0.572811
 38.00	0.789131
100.00	1.005634
225.00	1.552722
602.00	2.884055
Image_Width:			696
Image_Height:			512
Number_of_Time_Points:		139
Number_of_Objects:		7
Event_Times			0
Horizontal_Binning=2
Vertical_Binning=2
Reserved
DATA_AFTER_THIS_LINE
Time[seconds]	  340[01]	  380[01]	 Ca++[01]	  340[02]	  380[02]	 Ca++[02]	  340[03]	  380[03]	 Ca++[03]	  340[04]	  380[04]	 Ca++[04]	  340[05]	  380[05]	 Ca++[05]	  340[06]	  380[06]	 Ca++[06]	  340[07]	  380[07]	 Ca++[07]	
    0.23	      105	      114	       75	      151	      176	       58	      151	      172	       64	      173	      203	       56	      181	      210	       58	      101	       89	      128	      184	      223	       48	
    2.28	      105	      114	       76	      151	      176	       57	      152	      172	       64	      173	      203	       56	      181	      210	       58	      102	       89	      131	      184	      223	       48	
    4.33	      107	      113	       82	      153	      176	       61	      154	      172	       67	      175	      203	       58	      183	      210	       61	      103	       89	      134	      186	      223	       50	
    6.38	      105	      114	       76	      151	      176	       58	      152	      172	       64	      173	      203	       55	      180	      210	       58	      101	       89	      129	      184	      223	       48	
    8.42	      105	      114	       76	      151	      176	       57	      152	      172	       64	      173	      204	       55	      181	      210	       58	      101	       89	      129	      184	      224	       47	
   10.47	      105	      114	       76	      151	      176	       57	      151	      172	       63	      173	      204	       55	      181	      210	       58	      101	       89	      130	      184	      224	       47	
   12.52	      105	      112	       81	      151	      174	       60	      151	      170	       66	      173	      202	       57	      181	      209	       60	      101	       87	      137	      184	      222	       49	
   14.56	      105	      114	       77	      151	      177	       57	      151	      172	       63	      173	      204	       55	      181	      210	       58	      101	       88	      132	      184	      224	       48	
   16.61	      107	      112	       87	      152	      175	       60	      152	      170	       67	      171	      202	       54	      179	      208	       58	       99	       86	      133	      182	      222	       47	
   18.66	      107	      114	       81	      151	      177	       57	      151	      172	       64	      171	      204	       52	      179	      211	       55	       99	       89	      123	      182	      224	       44	
   20.70	      105	      114	       76	      151	      177	       57	      152	      172	       64	      173	      204	       54	      181	      211	       57	      101	       89	      130	      184	      224	       48	
   22.75	      107	      114	       82	      152	      176	       58	      152	      172	       64	      171	      204	       52	      179	      211	       54	       99	       89	      123	      182	      224	       45	
   24.80	      107	      115	       78	      153	      178	       57	      153	      174	       64	      175	      206	       55	      182	      213	       57	      103	       91	      128	      186	      226	       47	
   26.84	      107	      114	       81	      151	      177	       57	      152	      172	       64	      171	      204	       51	      179	      211	       55	       99	       89	      124	      182	      224	       45	
   28.89	      107	      114	       80	      151	      177	       56	      152	      172	       63	      171	      204	       52	      178	      211	       54	      100	       89	      125	      182	      224	       45	
   30.94	      105	      112	       79	      152	      174	       61	      152	      170	       67	      172	      202	       56	      180	      209	       59	      101	       87	      136	      184	      222	       49	
   32.98	      108	      114	       82	      151	      177	       57	      151	      172	       64	      171	      204	       52	      179	      211	       54	       99	       89	      124	      182	      224	       44	
   35.03	      105	      114	       76	      151	      177	       57	      151	      173	       63	      173	      205	       53	      180	      212	       55	      101	       89	      129	      184	      224	       47	
   37.08	      105	      114	       75	      151	      177	       57	      151	      172	       63	      173	      204	       54	      181	      211	       56	      101	       89	      130	      184	      224	       47	
   39.13	      105	      114	       77	      151	      177	       56	      151	      172	       63	      173	      205	       53	      180	      211	       56	      101	       89	      129	      184	      224	       47	
   41.17	      107	      113	       82	      153	      177	       59	      153	      172	       65	      173	      205	       53	      180	      211	       56	      101	       89	      129	      184	      224	       47	
   43.22	      107	      112	       86	      153	      175	       62	      153	      170	       70	      173	      203	       56	      180	      209	       58	      101	       87	      136	      184	      222	       49	
   45.22	      105	      114	       75	      151	      177	       56	      151	      172	       63	      173	      205	       53	      180	      212	       55	      101	       89	      130	      184	      224	       47	
   47.27	      107	      114	       81	      152	      177	       58	      152	      172	       63	      171	      205	       50	      179	      211	       54	       99	       89	      125	      182	      224	       44	
   49.31	      107	      114	       80	      153	      177	       59	      153	      172	       67	      175	      205	       56	      183	      211	       59	      103	       89	      134	      186	      224	       49	
   51.36	      107	      114	       80	      152	      177	       56	      151	      173	       63	      171	      205	       51	      179	      212	       53	      100	       89	      126	      183	      224	       44	
   53.36	      107	      112	       85	      152	      175	       60	      152	      170	       67	      171	      203	       53	      179	      210	       56	       99	       86	      132	      182	      222	       47	
   55.41	      107	      114	       81	      153	      177	       60	      153	      172	       66	      173	      205	       53	      180	      211	       56	      101	       89	      128	      184	      224	       47	
   57.45	      107	      113	       82	      151	      177	       56	      151	      173	       63	      171	      205	       51	      178	      211	       53	       99	       89	      123	      183	      224	       45	
   59.50	      107	      112	       85	      151	      175	       59	      151	      171	       66	      171	      203	       52	      179	      209	       57	       99	       87	      130	      182	      222	       47	
   61.55	      107	      114	       81	      153	      177	       59	      154	      173	       67	      173	      205	       53	      180	      211	       56	      102	       90	      128	      184	      224	       47	
   63.59	      105	      114	       74	      152	      177	       56	      151	      173	       63	      173	      205	       52	      181	      212	       56	      101	       89	      127	      184	      224	       47	
   65.59	      107	      114	       80	      152	      177	       56	      152	      172	       64	      171	      206	       50	      179	      211	       54	       99	       89	      124	      182	      225	       44	
   67.64	      107	      112	       84	      151	      175	       59	      152	      171	       66	      171	      204	       52	      179	      210	       55	       99	       87	      130	      182	      223	       46	
   69.69	      107	      112	       85	      151	      175	       59	      151	      171	       66	      171	      203	       53	      179	      210	       56	      100	       87	      132	      183	      222	       47	
   71.73	      104	      112	       78	      151	      176	       58	      151	      171	       65	      172	      204	       54	      180	      210	       58	      101	       87	      135	      184	      222	       49	
   73.78	      107	      114	       81	      153	      177	       59	      153	      172	       66	      173	      205	       52	      180	      212	       55	      101	       89	      129	      184	      224	       47	
   75.83	      107	      112	       85	      151	      175	       59	      151	      170	       66	      171	      203	       52	      179	      210	       56	       99	       87	      131	      182	      222	       46	
   77.83	      107	      114	       79	      153	      177	       60	      153	      172	       67	      173	      205	       53	      180	      211	       56	      101	       89	      131	      184	      224	       47	
   79.88	      107	      116	       75	      151	      179	       53	      151	      175	       60	      171	      207	       48	      179	      214	       52	       99	       91	      117	      182	      226	       42	
   81.88	      107	      114	       80	      151	      177	       56	      152	      173	       63	      171	      205	       50	      179	      212	       53	       99	       89	      123	      182	      224	       44	
   83.92	      107	      113	       84	      151	      175	       59	      151	      171	       65	      171	      203	       53	      179	      210	       55	      100	       87	      130	      182	      222	       46	
   85.97	      107	      114	       81	      151	      177	       56	      151	      173	       63	      171	      205	       50	      179	      212	       53	       99	       89	      123	      182	      224	       44	
   87.97	      107	      114	       80	      153	      177	       59	      153	      172	       66	      174	      206	       55	      182	      212	       58	      103	       89	      134	      186	      224	       49	
   90.02	      107	      112	       85	      151	      175	       59	      151	      171	       66	      171	      203	       52	      179	      210	       56	       99	       87	      130	      182	      222	       46	
   92.06	      107	      116	       76	      153	      179	       56	      153	      175	       63	      175	      207	       53	      182	      214	       56	      103	       91	      129	      186	      226	       47	
   94.11	      105	      114	       74	      151	      177	       56	      151	      173	       62	      172	      205	       52	      181	      212	       55	      101	       89	      127	      184	      224	       46	
   96.16	      107	      114	       81	      153	      177	       59	      153	      172	       66	      173	      205	       52	      180	      212	       55	      101	       89	      128	      184	      224	       47	
   98.20	      107	      114	       80	      153	      177	       59	      153	      172	       66	      175	      206	       55	      183	      212	       58	      103	       89	      135	      186	      224	       49	
  100.25	      107	      114	       81	      153	      177	       59	      153	      172	       66	      174	      205	       55	      182	      212	       58	      103	       89	      135	      186	      224	       49	
  102.25	      107	      113	       83	      151	      175	       59	      152	      170	       67	      171	      203	       53	      179	      210	       55	       99	       87	      131	      182	      222	       46	
  104.30	      106	      114	       79	      151	      177	       56	      151	      172	       63	      170	      205	       49	      178	      212	       53	       99	       89	      123	      182	      224	       44	
  106.34	      107	      112	       84	      151	      175	       59	      152	      171	       66	      171	      204	       52	      179	      210	       55	       99	       87	      130	      182	      222	       46	
  108.34	      107	      112	       84	      151	      175	       59	      151	      170	       66	      171	      203	       52	      179	      210	       56	       99	       87	      131	      182	      222	       47	
  110.39	      107	      114	       80	      153	      177	       58	      153	      172	       66	      174	      205	       54	      182	      212	       58	      103	       89	      135	      186	      224	       49	
  112.44	      107	      114	       80	      153	      178	       59	      153	      172	       66	      174	      205	       54	      183	      212	       58	      103	       89	      133	      186	      224	       49	
  114.48	      107	      114	       79	      153	      177	       59	      153	      173	       66	      172	      205	       52	      180	      212	       55	      101	       89	      128	      184	      224	       46	
  116.53	      105	      114	       74	      151	      177	       56	      151	      173	       62	      172	      205	       52	      180	      212	       55	      101	       89	      128	      184	      224	       46	
  118.58	      107	      112	       84	      151	      175	       59	      151	      171	       65	      171	      203	       52	      179	      210	       55	       99	       87	      129	      182	      222	       46	
  120.58	      107	      114	       80	      151	      177	       56	      151	      172	       63	      171	      206	       49	      178	      212	       52	       99	       89	      125	      182	      223	       45	
  122.63	      104	      114	       73	      151	      177	       56	      151	      173	       62	      172	      206	       51	      180	      212	       55	      101	       89	      130	      184	      224	       46	
  124.67	      104	      114	       74	      151	      177	       55	      151	      173	       62	      172	      205	       52	      180	      212	       55	      101	       89	      129	      184	      224	       47	
  126.72	      105	      114	       75	      151	      177	       55	      151	      172	       63	      172	      205	       52	      180	      212	       55	      101	       89	      129	      184	      224	       47	
  128.77	      107	      112	       84	      151	      175	       58	      151	      171	       65	      170	      204	       51	      178	      210	       55	       99	       87	      128	      182	      222	       46	
  130.81	      104	      114	       74	      151	      177	       55	      151	      172	       62	      172	      205	       51	      180	      212	       55	      101	       89	      128	      184	      224	       47	
  132.86	      107	      114	       80	      153	      177	       60	      153	      172	       66	      174	      206	       54	      183	      212	       58	      103	       89	      133	      186	      224	       49	
  134.91	      107	      114	       79	      153	      177	       59	      153	      173	       66	      174	      205	       54	      183	      212	       58	      103	       89	      134	      185	      224	       49	
  136.95	      105	      114	       75	      151	      177	       56	      151	      173	       62	      172	      205	       51	      180	      212	       55	      101	       89	      128	      183	      224	       46	
  139.00	      105	      115	       74	      151	      177	       56	      151	      173	       62	      172	      205	       51	      180	      212	       55	      101	       89	      128	      183	      224	       46	
  141.05	      107	      114	       80	      151	      177	       57	      151	      173	       62	      171	      206	       49	      179	      213	       52	       99	       89	      125	      182	      224	       44	
  143.05	      105	      114	       74	      151	      177	       57	      151	      172	       63	      172	      205	       52	      180	      212	       55	      101	       89	      130	      183	      223	       47	
  145.09	      107	      115	       78	      151	      177	       56	      151	      173	       62	      170	      205	       49	      178	      212	       52	       99	       89	      124	      181	      224	       44	
  147.14	      107	      114	       79	      153	      177	       59	      153	      173	       65	      174	      206	       54	      183	      212	       58	      103	       90	      131	      186	      224	       49	
  149.19	      107	      112	       84	      151	      175	       59	      151	      171	       65	      170	      204	       51	      178	      210	       54	       99	       87	      129	      181	      222	       46	
  151.23	      107	      114	       80	      153	      177	       59	      153	      172	       66	      172	      206	       52	      180	      212	       54	      101	       89	      129	      183	      224	       46	
  153.28	      105	      114	       74	      151	      177	       55	      151	      173	       62	      172	      205	       51	      180	      213	       55	      101	       89	      128	      183	      224	       46	
  155.33	      107	      115	       79	      153	      177	       59	      153	      173	       65	      172	      206	       51	      181	      213	       55	      101	       89	      130	      183	      224	       46	
  157.33	      104	      115	       73	      151	      177	       56	      151	      172	       63	      172	      206	       51	      180	      213	       54	      101	       89	      130	      183	      224	       46	
  159.38	      104	      114	       74	      151	      177	       56	      151	      173	       62	      172	      205	       51	      180	      212	       55	      101	       89	      130	      183	      224	       46	
  161.42	      107	      112	       84	      151	      175	       58	      151	      171	       65	      170	      204	       51	      179	      211	       55	       99	       87	      131	      181	      222	       46	
  163.42	      107	      112	       83	      151	      175	       59	      151	      170	       66	      170	      204	       50	      179	      211	       55	       99	       87	      131	      181	      222	       46	
  165.47	      107	      114	       80	      153	      177	       58	      153	      173	       65	      174	      206	       54	      182	      213	       57	      103	       89	      133	      185	      224	       49	
  167.52	      107	      114	       80	      153	      177	       59	      153	      172	       66	      174	      205	       54	      182	      213	       57	      103	       89	      133	      185	      224	       49	
  169.56	      104	      114	       73	      151	      177	       56	      151	      173	       62	      172	      206	       51	      180	      213	       54	      101	       89	      130	      183	      224	       46	
  171.61	      106	      114	       78	      153	      177	       58	      153	      173	       65	      172	      206	       51	      180	      213	       54	      101	       89	      130	      183	      224	       46	
  173.66	      107	      116	       74	      151	      179	       53	      151	      175	       60	      170	      208	       46	      179	      215	       50	       99	       91	      118	      181	      226	       42	
  175.70	      106	      113	       82	      151	      175	       59	      151	      170	       66	      170	      204	       51	      178	      211	       53	       99	       87	      130	      181	      221	       46	
  177.70	      107	      113	       83	      151	      175	       59	      151	      171	       65	      170	      204	       50	      179	      211	       54	       99	       86	      131	      181	      222	       46	
  179.75	      107	      114	       80	      153	      177	       59	      153	      173	       65	      174	      206	       54	      183	      213	       58	      103	       89	      135	      185	      224	       49	
  181.80	      106	      112	       83	      151	      175	       59	      151	      171	       66	      170	      204	       51	      179	      211	       55	       99	       87	      129	      181	      221	       46	
  183.84	      107	      113	       83	      151	      175	       59	      151	      171	       65	      170	      204	       51	      179	      210	       55	       99	       87	      131	      181	      222	       46	
  185.89	      105	      114	       74	      151	      177	       57	      152	      172	       65	      174	      202	       58	      181	      213	       56	      101	       89	      128	      184	      222	       48	
  187.94	      107	      109	       92	      154	      171	       70	      180	      136	      172	      235	      126	      311	      189	      200	       82	      101	       87	      137	      229	      161	      193	
  189.98	      123	       94	      170	      200	      117	      266	      195	      121	      240	      233	      128	      297	      238	      138	      275	       99	       89	      125	      247	      141	      280	
  192.03	      122	       94	      165	      206	      114	      295	      195	      124	      231	      234	      130	      294	      246	      137	      292	      101	       89	      130	      249	      143	      275	
  194.08	      123	       94	      167	      205	      118	      276	      192	      128	      214	      231	      131	      284	      242	      142	      267	       99	       89	      123	      244	      147	      252	
  196.08	      121	       93	      165	      201	      120	      258	      188	      131	      198	      232	      132	      282	      240	      144	      256	      101	       87	      137	      241	      151	      237	
  198.13	      122	       97	      156	      197	      127	      224	      183	      138	      173	      226	      138	      247	      233	      153	      218	       99	       89	      125	      234	      159	      205	
  200.17	      121	       96	      157	      192	      130	      206	      178	      141	      158	      220	      143	      220	      227	      158	      198	       99	       87	      129	      228	      165	      186	
  202.22	      117	       99	      139	      187	      138	      179	      174	      148	      138	      214	      154	      187	      222	      168	      172	      101	       89	      129	      224	      174	      163	
  204.27	      118	      101	      137	      184	      144	      162	      173	      152	      129	      208	      163	      161	      216	      175	      152	      101	       89	      129	      218	      180	      146	
  206.31	      115	      102	      126	      178	      149	      144	      167	      155	      116	      202	      170	      142	      211	      181	      135	      101	       89	      129	      214	      187	      132	
  208.36	      116	      106	      119	      177	      154	      131	      167	      159	      110	      199	      177	      128	      209	      188	      124	      103	       91	      128	      213	      193	      122	
  210.41	      115	      105	      120	      174	      155	      127	      167	      158	      111	      196	      179	      120	      206	      189	      118	      103	       89	      133	      210	      194	      117	
  212.45	      112	      106	      113	      171	      156	      120	      167	      156	      114	      192	      182	      110	      201	      191	      110	      101	       89	      128	      207	      196	      111	
  214.50	      114	      105	      118	      172	      155	      123	      183	      137	      175	      188	      184	      103	      200	      192	      107	       99	       89	      123	      205	      194	      111	
  216.55	      115	      106	      117	      174	      153	      130	      183	      139	      170	      187	      187	       98	      201	      192	      108	       99	       91	      119	      210	      190	      122	
  218.59	      115	      102	      127	      179	      146	      150	      181	      140	      165	      188	      186	      101	      207	      184	      127	      101	       89	      129	      226	      171	      171	
  220.59	      117	      100	      137	      184	      141	      168	      177	      144	      152	      189	      185	      103	      217	      171	      161	      101	       89	      128	      230	      166	      186	
  222.64	      124	       92	      176	      187	      138	      179	      173	      149	      136	      189	      183	      105	      224	      161	      188	       99	       89	      125	      228	      167	      181	
  224.69	      124	       91	      182	      188	      137	      183	      169	      153	      123	      194	      178	      118	      233	      153	      217	      101	       89	      131	      228	      170	      176	
  226.73	      125	       90	      188	      190	      134	      193	      166	      156	      113	      204	      165	      153	      237	      147	      243	      101	       89	      131	      224	      174	      164	
  228.78	      128	       89	      198	      195	      130	      212	      167	      158	      111	      233	      134	      278	      242	      146	      255	      103	       89	      134	      223	      178	      155	
  230.83	      126	       90	      187	      196	      128	      219	      167	      155	      116	      231	      134	      271	      236	      150	      231	      101	       89	      127	      217	      183	      140	
  232.88	      125	       91	      181	      193	      131	      206	      174	      147	      139	      228	      138	      253	      232	      156	      207	      101	       89	      128	      213	      188	      128	
  234.92	      126	       93	      178	      189	      136	      186	      174	      148	      138	      222	      142	      226	      223	      164	      181	       99	       89	      124	      208	      191	      118	
  236.97	      124	       95	      166	      185	      141	      168	      173	      149	      134	      218	      149	      203	      217	      172	      158	       99	       89	      124	      206	      194	      113	
  239.02	      122	       97	      159	      180	      147	      149	      172	      151	      130	      211	      156	      179	      210	      180	      137	       99	       89	      124	      207	      193	      115	
  241.06	      121	       97	      156	      175	      150	      136	      170	      150	      128	      206	      160	      163	      205	      183	      125	       99	       87	      130	      216	      178	      147	
  243.11	      119	      100	      143	      171	      156	      120	      169	      152	      124	      201	      168	      143	      201	      191	      111	       99	       89	      124	      218	      179	      148	
  245.11	      119	      101	      139	      169	      159	      112	      180	      138	      167	      199	      171	      135	      198	      195	      102	       99	       89	      124	      221	      176	      157	
  247.16	      117	      101	      133	      167	      161	      107	      188	      132	      195	      199	      172	      134	      198	      197	       99	      101	       89	      129	      223	      174	      162	
  249.20	      118	      102	      133	      167	      161	      107	      185	      136	      180	      199	      171	      136	      195	      198	       92	       99	       89	      124	      221	      175	      157	
  251.20	      116	      103	      128	      169	      159	      112	      182	      140	      167	      205	      166	      152	      196	      199	       94	      101	       89	      128	      223	      176	      159	
  253.25	      116	      100	      133	      171	      155	      121	      177	      144	      152	      214	      152	      191	      197	      196	       99	      101	       87	      135	      225	      170	      172	
  255.30	      116	      103	      126	      172	      155	      123	      172	      151	      130	      227	      140	      244	      202	      192	      110	      101	       89	      129	      231	      165	      189	
  257.34	      117	      102	      131	      176	      154	      131	      170	      156	      118	      229	      139	      252	      207	      189	      120	      103	       89	      135	      232	      168	      185	
  259.39	      118	      102	      134	      178	      150	      141	      164	      161	      103	      224	      142	      230	      205	      188	      119	       99	       89	      124	      225	      172	      169	
  261.44	      117	      103	      128	      182	      149	      149	      161	      158	      103	      221	      146	      216	      207	      179	      135	      101	       89	      129	      224	      183	      149	
  263.48	      121	      103	      136	      198	      137	      201	       85	       76	      126	       91	       79	      130	      201	      127	      234	      102	       90	      129	      106	      105	      100	
  265.53	      124	       87	      193	      196	      104	      317	       88	       76	      134	       92	       79	      136	      131	       91	      199	      105	       90	      136	      103	       88	      139	
  267.58	      117	       82	      196	      187	      101	      309	       85	       76	      126	       91	       79	      130	      131	       91	      199	      103	       90	      131	      102	       88	      135	
  269.63	      115	       73	      229	      179	       96	      312	       85	       74	      134	       89	       77	      132	      119	       84	      191	      102	       88	      135	      101	       85	      139	
  271.67	      111	       72	      220	      170	       93	      300	       85	       74	      133	       88	       77	      132	      100	       79	      158	      102	       87	      136	      102	       87	      138	
  273.72	      106	       74	      197	      164	       93	      281	       85	       76	      126	       90	       79	      130	       99	       80	      153	      104	       89	      137	      103	       88	      135	
  275.77	      105	       73	      197	      159	       92	      272	       86	       76	      127	       88	       80	      124	       94	       79	      139	      102	       90	      131	       99	       88	      127	
  277.81	      102	       73	      191	      157	       91	      271	       88	       76	      133	       93	       80	      135	       98	       79	      153	      107	       90	      139	      103	       88	      139	
  279.86	       98	       72	      181	      151	       90	      259	       85	       76	      125	       91	       80	      130	       94	       79	      143	      104	       89	      136	      101	       88	      133	
  281.91	       99	       72	      184	      150	       89	      260	       88	       76	      134	       93	       80	      136	       96	       78	      151	      106	       90	      139	      103	       88	      138	
