Experiment_Code:		127
HEADER_INFORMATION
Dual_Wavelength_Imaging_With_Two_Object_Classes
Object_by_Object_Ratioing
Threshold=0
Red_Objects=	5	Green_Objects=	0
Reserved
Ion:				Ca++
Wavelength_A:			340
Wavelength_B:			380
A_Exposure_Time:		120
B_Exposure_Time:		30
Minimum_Ion_[nMol]:		0.000000
Maximum_Ion_[nMol]:		602.000000
Calibration_Filename:		dw120404#1.CAL
Calibration_A_Exposure_Time:	120.000000
Calibration_B_Exposure_Time:	30.000000
No._of_Calib._Table_Entries:	5
Ca++	Ratio
  0.00	0.572811
 38.00	0.789131
100.00	1.005634
225.00	1.552722
602.00	2.884055
Image_Width:			696
Image_Height:			512
Number_of_Time_Points:		362
Number_of_Objects:		5
Event_Times			0
Horizontal_Binning=2
Vertical_Binning=2
Reserved
DATA_AFTER_THIS_LINE
Time[seconds]	  340[01]	  380[01]	 Ca++[01]	  340[02]	  380[02]	 Ca++[02]	  340[03]	  380[03]	 Ca++[03]	  340[04]	  380[04]	 Ca++[04]	  340[05]	  380[05]	 Ca++[05]	
    0.23	      198	      222	       68	      292	      312	       79	       99	       91	      117	      251	      291	       58	      278	      287	       89	
    2.23	      200	      222	       70	      294	      313	       81	      101	       91	      124	      253	      291	       60	      280	      287	       91	
    4.23	      200	      222	       70	      294	      312	       81	      101	       91	      124	      253	      291	       60	      281	      287	       92	
    6.23	      201	      222	       71	      294	      312	       81	      101	       91	      124	      253	      291	       60	      281	      288	       92	
    8.23	      201	      222	       71	      294	      312	       81	      101	       91	      122	      252	      291	       60	      281	      287	       92	
   10.23	      199	      220	       71	      292	      310	       81	       99	       89	      125	      251	      290	       60	      279	      284	       92	
   12.23	      200	      222	       71	      294	      312	       82	      101	       91	      122	      253	      291	       60	      280	      286	       92	
   14.23	      198	      222	       68	      293	      312	       81	      101	       91	      122	      252	      291	       60	      281	      287	       92	
   16.23	      198	      222	       67	      292	      309	       81	       99	       89	      123	      250	      289	       60	      279	      285	       92	
   18.23	      200	      220	       72	      294	      310	       83	      101	       89	      128	      253	      289	       62	      280	      285	       94	
   20.23	      199	      221	       69	      292	      312	       80	       99	       91	      118	      250	      290	       59	      278	      286	       90	
   22.23	      198	      223	       66	      292	      314	       78	       99	       93	      112	      251	      290	       59	      279	      286	       90	
   24.23	      199	      220	       70	      292	      309	       82	       99	       89	      125	      251	      289	       61	      278	      285	       91	
   26.23	      200	      221	       71	      293	      311	       82	      101	       91	      122	      252	      290	       60	      280	      286	       92	
   28.23	      198	      222	       67	      292	      310	       81	       98	       89	      122	      251	      288	       61	      278	      284	       92	
   30.23	      198	      220	       70	      292	      310	       82	       99	       89	      122	      251	      288	       61	      278	      284	       92	
   32.23	      200	      220	       73	      294	      309	       84	      101	       89	      129	      253	      288	       63	      281	      283	       95	
   34.23	      200	      223	       68	      294	      311	       82	      101	       91	      122	      253	      290	       61	      280	      285	       93	
   36.23	      200	      224	       68	      294	      313	       80	      101	       93	      117	      253	      290	       61	      281	      285	       93	
   38.23	      198	      222	       68	      292	      311	       81	       99	       91	      119	      251	      290	       59	      279	      286	       91	
   40.23	      200	      222	       70	      294	      311	       83	      101	       91	      122	      253	      290	       61	      280	      286	       92	
   42.23	      198	      222	       67	      293	      311	       81	       99	       91	      118	      251	      290	       60	      278	      285	       91	
   44.23	      200	      220	       72	      294	      309	       84	      101	       89	      130	      253	      288	       63	      280	      284	       94	
   46.23	      200	      219	       73	      294	      308	       85	      101	       88	      129	      252	      288	       63	      280	      283	       95	
   48.23	      200	      220	       71	      294	      309	       84	      101	       89	      129	      252	      288	       63	      280	      283	       94	
   50.23	      200	      221	       70	      294	      310	       83	      101	       91	      123	      253	      290	       61	      281	      285	       93	
   52.23	      200	      219	       73	      294	      309	       84	      101	       89	      129	      253	      288	       63	      280	      283	       95	
   54.23	      200	      220	       72	      293	      310	       83	      101	       88	      131	      252	      288	       62	      280	      283	       95	
   56.23	      198	      221	       68	      292	      311	       80	       98	       91	      117	      251	      289	       59	      278	      285	       90	
   58.23	      200	      221	       70	      294	      311	       82	      101	       91	      123	      253	      289	       61	      280	      285	       93	
   60.23	      200	      221	       70	      294	      311	       82	      101	       91	      122	      253	      289	       62	      279	      285	       92	
   62.23	      200	      221	       70	      294	      311	       82	      101	       91	      123	      253	      289	       62	      280	      285	       92	
   64.23	      198	      224	       65	      292	      311	       80	       99	       91	      117	      251	      289	       60	      278	      285	       91	
   66.23	      198	      220	       69	      292	      309	       82	       99	       89	      126	      251	      288	       61	      278	      283	       92	
   68.23	      200	      223	       68	      293	      313	       80	      101	       93	      117	      252	      292	       59	      280	      287	       90	
   70.23	      198	      221	       67	      292	      310	       81	       99	       91	      118	      251	      290	       60	      277	      285	       90	
   72.23	      200	      221	       70	      294	      311	       82	      101	       91	      122	      252	      289	       61	      279	      285	       92	
   74.23	      198	      221	       67	      292	      311	       80	       99	       91	      118	      251	      289	       60	      278	      285	       91	
   76.23	      198	      219	       70	      293	      309	       83	      101	       89	      129	      253	      287	       64	      279	      282	       95	
   78.23	      198	      221	       68	      292	      311	       80	       98	       91	      116	      251	      289	       60	      277	      285	       90	
   80.23	      198	      220	       69	      291	      309	       82	       99	       89	      124	      251	      287	       62	      277	      282	       93	
   82.23	      197	      223	       65	      292	      310	       81	       99	       91	      118	      250	      290	       59	      277	      285	       90	
   84.23	      199	      221	       69	      294	      309	       84	      101	       88	      130	      253	      287	       64	      279	      282	       94	
   86.23	      199	      219	       72	      293	      308	       84	      101	       88	      131	      252	      287	       63	      278	      282	       94	
   88.23	      199	      221	       70	      294	      310	       83	      101	       91	      123	      252	      289	       62	      279	      284	       93	
   90.23	      197	      222	       67	      292	      310	       81	       99	       91	      117	      250	      289	       60	      277	      285	       90	
   92.23	      198	      219	       70	      292	      307	       84	       99	       88	      125	      251	      287	       62	      277	      282	       92	
   94.23	      200	      219	       73	      293	      308	       84	      101	       88	      130	      252	      286	       64	      279	      282	       94	
   96.23	      198	      222	       67	      292	      308	       83	       99	       89	      124	      250	      287	       61	      278	      283	       93	
   98.23	      199	      221	       70	      294	      311	       82	      101	       91	      123	      252	      289	       61	      279	      284	       92	
  100.23	      199	      221	       70	      293	      310	       82	      101	       91	      123	      252	      289	       62	      279	      284	       93	
  102.23	      200	      221	       70	      294	      310	       83	      101	       91	      122	      252	      289	       62	      279	      284	       93	
  104.23	      200	      221	       70	      294	      311	       82	      101	       91	      123	      252	      289	       62	      279	      284	       93	
  106.23	      200	      221	       70	      293	      310	       82	      101	       91	      123	      253	      289	       62	      279	      284	       93	
  108.23	      197	      219	       70	      291	      309	       81	       99	       89	      124	      251	      287	       62	      277	      282	       92	
  110.23	      199	      221	       70	      293	      310	       82	      101	       91	      121	      252	      288	       62	      279	      284	       92	
  112.23	      200	      219	       73	      293	      308	       84	      101	       89	      129	      252	      287	       63	      278	      282	       94	
  114.23	      197	      223	       65	      291	      313	       78	       99	       93	      111	      250	      291	       57	      276	      286	       88	
  116.23	      197	      219	       69	      291	      309	       81	       98	       89	      123	      250	      287	       61	      277	      282	       93	
  118.23	      197	      221	       68	      291	      310	       80	       99	       91	      117	      250	      288	       60	      277	      283	       92	
  120.23	      198	      223	       66	      291	      313	       78	       99	       93	      112	      251	      291	       59	      276	      285	       89	
  122.23	      197	      221	       68	      291	      310	       80	       98	       91	      115	      250	      288	       60	      276	      284	       90	
  124.23	      199	      219	       72	      293	      308	       84	      101	       89	      130	      252	      287	       64	      278	      281	       95	
  126.23	      199	      219	       72	      293	      308	       84	      101	       89	      130	      252	      287	       64	      278	      282	       94	
  128.23	      199	      221	       70	      293	      309	       83	      101	       89	      129	      253	      286	       65	      279	      281	       95	
  130.23	      197	      219	       69	      291	      309	       81	       99	       89	      124	      251	      286	       63	      276	      282	       92	
  132.23	      197	      221	       66	      290	      310	       79	       98	       91	      117	      250	      288	       61	      276	      284	       91	
  134.23	      199	      219	       72	      293	      308	       84	      101	       88	      130	      253	      286	       65	      278	      281	       95	
  136.23	      198	      221	       69	      293	      310	       82	      101	       91	      122	      253	      288	       62	      278	      284	       92	
  138.23	      199	      220	       70	      292	      310	       82	      100	       91	      122	      253	      288	       63	      278	      283	       92	
  140.23	      199	      218	       73	      292	      308	       83	      101	       89	      129	      252	      286	       64	      277	      282	       93	
  142.23	      197	      223	       65	      290	      310	       79	       99	       91	      117	      250	      288	       60	      277	      283	       92	
  144.23	      197	      218	       69	      291	      308	       82	       99	       88	      126	      251	      286	       63	      276	      281	       93	
  146.23	      198	      221	       69	      293	      310	       82	      101	       91	      123	      252	      287	       63	      278	      283	       93	
  148.23	      198	      219	       71	      292	      308	       83	      101	       88	      130	      252	      285	       65	      278	      281	       95	
  150.23	      199	      221	       69	      292	      310	       82	      101	       91	      123	      252	      287	       63	      278	      283	       93	
  152.23	      197	      220	       67	      290	      310	       79	       99	       91	      118	      250	      287	       61	      276	      283	       91	
  154.23	      197	      220	       67	      290	      310	       80	       98	       91	      116	      250	      287	       61	      276	      283	       90	
  156.23	      197	      219	       70	      290	      308	       81	       99	       89	      125	      250	      285	       63	      276	      281	       92	
  158.23	      197	      221	       67	      290	      310	       80	       99	       91	      118	      250	      287	       61	      275	      283	       90	
  160.23	      199	      222	       68	      292	      310	       82	      101	       91	      122	      252	      287	       63	      278	      283	       92	
  162.23	      197	      220	       67	      290	      310	       80	       99	       90	      118	      250	      288	       60	      276	      283	       90	
  164.23	      199	      220	       70	      292	      310	       81	      101	       91	      123	      252	      288	       62	      277	      284	       91	
  166.23	      197	      222	       66	      290	      311	       78	       98	       93	      111	      250	      290	       58	      275	      285	       87	
  168.23	      197	      220	       68	      290	      310	       80	       99	       91	      117	      250	      288	       60	      275	      283	       90	
  170.23	      199	      220	       70	      292	      310	       81	      100	       91	      122	      252	      288	       63	      277	      283	       92	
  172.23	      199	      222	       68	      293	      312	       81	      101	       93	      116	      252	      289	       61	      277	      285	       89	
  174.23	      198	      220	       70	      292	      310	       81	      101	       91	      123	      252	      288	       63	      277	      284	       91	
  176.23	      196	      218	       69	      290	      308	       82	       99	       89	      124	      250	      286	       63	      276	      281	       92	
  178.23	      196	      222	       64	      290	      312	       78	       98	       93	      110	      250	      290	       58	      275	      285	       87	
  180.23	      197	      218	       70	      290	      308	       82	       99	       89	      123	      250	      286	       62	      275	      282	       91	
  182.23	      197	      222	       65	      290	      311	       79	       99	       93	      112	      250	      290	       58	      275	      285	       88	
  184.23	      199	      217	       73	      292	      307	       84	      101	       88	      130	      252	      285	       65	      278	      280	       95	
  186.23	      204	      212	       86	      307	      277	      123	      101	       91	      124	      328	      188	      278	      374	      167	      417	
  188.23	      275	      130	      383	      417	      163	      510	      102	       87	      135	      343	      176	      337	      378	      161	      447	
  190.23	      273	      133	      362	      416	      165	      497	       99	       90	      121	      345	      173	      350	      377	      163	      438	
  192.23	      275	      131	      377	      418	      164	      505	      101	       88	      134	      350	      168	      375	      379	      161	      450	
  194.23	      274	      135	      358	      417	      169	      483	       99	       92	      115	      350	      172	      362	      377	      166	      428	
  196.23	      273	      136	      353	      416	      169	      483	       99	       90	      121	      350	      171	      365	      376	      165	      429	
  198.23	      274	      133	      370	      418	      168	      486	      102	       88	      135	      351	      170	      369	      377	      165	      430	
  200.23	      275	      135	      359	      416	      172	      468	      101	       90	      125	      350	      173	      357	      374	      170	      409	
  202.23	      271	      136	      349	      412	      174	      454	       99	       90	      122	      348	      175	      348	      370	      173	      391	
  204.23	      274	      135	      359	      413	      175	      453	      101	       88	      133	      349	      174	      353	      369	      174	      386	
  206.23	      273	      140	      337	      411	      180	      430	      101	       90	      126	      347	      178	      337	      366	      180	      360	
  208.23	      271	      139	      337	      407	      181	      420	       99	       88	      127	      344	      178	      332	      363	      180	      355	
  210.23	      272	      137	      346	      406	      184	      408	      101	       88	      133	      345	      180	      327	      362	      183	      346	
  212.23	      271	      140	      330	      402	      190	      384	      101	       90	      126	      343	      184	      313	      359	      188	      325	
  214.23	      270	      140	      331	      400	      191	      376	      101	       88	      133	      340	      184	      307	      357	      189	      320	
  216.23	      269	      141	      323	      396	      195	      357	      101	       88	      133	      339	      186	      299	      354	      192	      306	
  218.23	      267	      145	      306	      391	      202	      332	      102	       90	      126	      336	      191	      281	      352	      197	      290	
  220.23	      265	      147	      295	      388	      207	      315	      101	       90	      126	      333	      195	      269	      349	      202	      274	
  222.23	      262	      149	      284	      385	      210	      303	      101	       88	      133	      332	      195	      267	      345	      204	      263	
  224.23	      260	      154	      263	      380	      216	      282	      101	       91	      124	      329	      199	      253	      342	      210	      247	
  226.23	      256	      160	      239	      376	      221	      267	      101	       90	      125	      327	      203	      241	      339	      213	      234	
  228.23	      251	      163	      222	      371	      227	      246	       99	       93	      113	      322	      208	      223	      334	      219	      218	
  230.23	      247	      163	      214	      366	      229	      237	       99	       88	      127	      320	      208	      221	      332	      218	      217	
  232.23	      245	      171	      198	      365	      235	      224	      101	       91	      125	      319	      212	      214	      330	      224	      207	
  234.23	      240	      174	      186	      361	      238	      216	      101	       88	      131	      318	      213	      211	      328	      225	      202	
  236.23	      237	      180	      171	      358	      240	      210	      100	       88	      131	      314	      216	      201	      325	      228	      195	
  238.23	      234	      184	      160	      358	      244	      205	      101	       90	      126	      313	      220	      195	      323	      233	      186	
  240.23	      230	      188	      149	      357	      244	      204	      101	       90	      125	      311	      222	      190	      321	      236	      181	
  242.23	      227	      191	      141	      356	      246	      200	      101	       90	      126	      310	      224	      185	      320	      237	      177	
  244.23	      225	      194	      134	      354	      248	      196	      101	       90	      125	      308	      225	      182	      318	      239	      173	
  246.23	      222	      196	      128	      352	      250	      191	      101	       90	      125	      307	      226	      180	      317	      240	      171	
  248.23	      220	      199	      122	      351	      251	      190	      101	       90	      124	      309	      225	      184	      317	      242	      169	
  250.23	      219	      199	      121	      350	      251	      189	      101	       88	      130	      311	      220	      192	      315	      242	      168	
  252.23	      217	      203	      114	      348	      255	      181	      100	       91	      123	      312	      221	      191	      315	      244	      165	
  254.23	      214	      205	      108	      344	      258	      175	       99	       91	      119	      310	      220	      192	      314	      243	      165	
  256.23	      214	      206	      106	      346	      258	      176	      101	       90	      126	      315	      216	      202	      318	      242	      170	
  258.23	      210	      210	       99	      344	      257	      175	       99	       90	      121	      317	      212	      212	      317	      240	      171	
  260.28	      212	      209	      101	      346	      257	      177	      101	       90	      125	      324	      207	      228	      320	      239	      176	
  262.28	      210	      210	       98	      348	      255	      181	      101	       91	      124	      325	      204	      235	      325	      233	      187	
  264.28	      209	      212	       94	      349	      253	      185	      101	       90	      125	      326	      204	      238	      334	      220	      216	
  266.28	      209	      210	       97	      353	      246	      197	      100	       88	      130	      327	      200	      246	      361	      185	      336	
  268.28	      208	      213	       91	      363	      236	      221	      101	       90	      125	      326	      203	      240	      378	      171	      408	
  270.28	      206	      213	       88	      387	      205	      318	      100	       90	      123	      323	      204	      234	      377	      170	      412	
  272.28	      207	      213	       91	      391	      203	      329	      100	       88	      132	      323	      205	      232	      377	      170	      411	
  274.28	      207	      215	       88	      387	      208	      311	      101	       91	      124	      322	      209	      222	      375	      175	      390	
  276.28	      204	      213	       87	      383	      210	      300	       99	       88	      129	      319	      209	      218	      370	      177	      377	
  278.28	      206	      215	       87	      381	      216	      284	      101	       90	      126	      319	      212	      214	      370	      182	      360	
  280.28	      204	      213	       85	      377	      216	      278	       99	       88	      127	      315	      212	      208	      365	      183	      348	
  282.28	      206	      215	       86	      380	      214	      287	      101	       88	      133	      314	      216	      202	      364	      187	      335	
  284.28	      206	      213	       89	      378	      218	      275	      101	       88	      133	      312	      219	      196	      360	      192	      316	
  286.28	      205	      215	       84	      369	      227	      245	       99	       90	      121	      308	      223	      185	      355	      198	      292	
  288.28	      207	      213	       91	      365	      233	      229	      101	       88	      133	      308	      223	      185	      352	      200	      282	
  290.28	      206	      213	       88	      358	      241	      209	       99	       91	      118	      304	      227	      175	      347	      208	      257	
  292.28	      209	      212	       93	      356	      246	      200	      101	       90	      124	      304	      230	      171	      344	      213	      242	
  294.28	      210	      211	       97	      352	      250	      190	      101	       91	      123	      302	      233	      165	      340	      218	      227	
  296.28	      211	      209	      100	      348	      255	      182	      101	       91	      124	      300	      235	      162	      335	      224	      212	
  298.28	      211	      206	      104	      342	      260	      170	       99	       90	      120	      298	      236	      158	      330	      229	      199	
  300.28	      216	      202	      114	      337	      265	      161	       99	       91	      119	      297	      235	      158	      326	      234	      188	
  302.28	      227	      190	      143	      335	      269	      155	      101	       91	      124	      300	      235	      162	      323	      238	      180	
  304.28	      258	      153	      262	      332	      275	      145	      100	       92	      117	      305	      229	      173	      320	      245	      169	
  306.28	      269	      142	      319	      328	      279	      139	      101	       91	      124	      314	      216	      201	      317	      247	      163	
  308.28	      265	      146	      297	      322	      285	      128	       99	       93	      113	      313	      218	      197	      312	      252	      152	
  310.28	      266	      147	      296	      321	      286	      126	      101	       91	      122	      315	      216	      202	      311	      254	      149	
  312.28	      262	      151	      275	      316	      289	      120	       99	       91	      117	      313	      216	      201	      307	      256	      144	
  314.28	      263	      152	      275	      317	      292	      118	      101	       91	      122	      314	      218	      198	      307	      258	      141	
  316.28	      260	      149	      279	      313	      291	      116	       98	       88	      125	      310	      217	      197	      303	      258	      138	
  318.28	      259	      155	      258	      314	      294	      113	      101	       91	      123	      310	      222	      189	      305	      262	      136	
  320.28	      259	      155	      256	      312	      295	      112	      101	       91	      122	      308	      223	      184	      302	      264	      132	
  322.28	      257	      156	      250	      314	      294	      114	      101	       91	      123	      305	      228	      175	      301	      264	      130	
  324.28	      254	      161	      231	      313	      294	      113	       99	       93	      113	      299	      235	      161	      298	      267	      125	
  326.28	      254	      161	      230	      317	      289	      120	      101	       90	      125	      298	      236	      159	      300	      266	      128	
  328.28	      252	      163	      223	      326	      278	      138	      101	       91	      124	      296	      238	      154	      301	      264	      130	
  330.28	      251	      165	      216	      355	      241	      206	      101	       91	      124	      295	      241	      150	      301	      264	      130	
  332.28	      249	      163	      220	      372	      222	      259	      101	       88	      132	      292	      241	      147	      302	      261	      134	
  334.28	      248	      169	      206	      371	      225	      252	      101	       90	      124	      290	      245	      140	      302	      263	      133	
  336.28	      245	      168	      202	      369	      224	      250	       99	       90	      120	      286	      248	      133	      303	      260	      135	
  338.28	      245	      167	      204	      371	      222	      258	      101	       88	      132	      287	      248	      134	      307	      255	      144	
  340.28	      245	      170	      198	      377	      217	      276	      101	       90	      126	      286	      251	      130	      309	      254	      148	
  342.28	      243	      169	      198	      381	      210	      297	      101	       88	      132	      285	      250	      130	      317	      242	      168	
  344.28	      243	      174	      188	      376	      219	      271	      101	       92	      121	      284	      254	      125	      340	      214	      235	
  346.28	      242	      173	      189	      371	      225	      252	      101	       91	      123	      282	      254	      123	      375	      174	      394	
  348.28	      241	      175	      185	      365	      232	      230	      101	       90	      125	      282	      256	      121	      378	      173	      402	
  350.28	      241	      172	      188	      359	      236	      217	      101	       88	      131	      280	      256	      119	      375	      173	      398	
  352.28	      240	      176	      180	      353	      245	      199	      101	       91	      123	      278	      260	      115	      373	      178	      378	
  354.28	      239	      177	      178	      348	      251	      186	      101	       91	      123	      275	      263	      109	      371	      181	      365	
  356.28	      238	      175	      180	      341	      256	      174	      101	       88	      132	      274	      262	      109	      367	      183	      353	
  358.28	      236	      178	      173	      335	      264	      160	       99	       91	      118	      271	      265	      104	      362	      188	      330	
  360.33	      237	      176	      177	      333	      266	      155	      101	       88	      131	      273	      263	      107	      361	      190	      321	
  362.33	      236	      179	      170	      326	      275	      141	       99	       93	      113	      273	      265	      105	      356	      198	      293	
  364.33	      237	      176	      178	      325	      275	      139	      101	       89	      128	      286	      246	      136	      353	      200	      284	
  366.33	      235	      178	      171	      319	      282	      128	       99	       91	      119	      291	      240	      147	      347	      207	      258	
  368.33	      237	      177	      176	      318	      284	      125	      101	       89	      129	      292	      240	      148	      344	      210	      248	
  370.33	      236	      179	      172	      314	      290	      117	      101	       91	      123	      292	      242	      145	      341	      217	      229	
  372.33	      236	      179	      171	      311	      293	      112	      101	       91	      124	      291	      243	      143	      334	      223	      212	
  374.33	      235	      180	      169	      308	      297	      106	      101	       91	      122	      291	      243	      143	      329	      229	      198	
  376.33	      234	      181	      165	      304	      301	      101	      100	       91	      122	      291	      243	      143	      324	      234	      186	
  378.33	      231	      183	      158	      300	      304	       94	       99	       91	      117	      289	      242	      142	      319	      240	      174	
  380.33	      230	      183	      157	      299	      304	       93	      101	       88	      130	      291	      240	      146	      316	      242	      169	
  382.33	      229	      187	      150	      298	      308	       88	      101	       91	      124	      290	      243	      142	      314	      248	      159	
  384.33	      227	      187	      148	      296	      308	       87	      100	       88	      130	      289	      242	      142	      310	      249	      154	
  386.33	      224	      189	      141	      293	      309	       83	       98	       88	      124	      287	      243	      139	      305	      253	      146	
  388.33	      225	      191	      138	      294	      312	       81	      100	       91	      122	      287	      247	      136	      305	      258	      140	
  390.33	      225	      192	      137	      293	      313	       79	      100	       91	      122	      285	      249	      131	      302	      261	      134	
  392.33	      221	      194	      130	      290	      314	       76	       98	       91	      115	      282	      252	      125	      297	      263	      127	
  394.33	      221	      194	      131	      289	      315	       74	       99	       91	      118	      279	      254	      120	      296	      265	      124	
  396.33	      221	      195	      129	      291	      314	       76	      101	       91	      122	      279	      257	      118	      297	      268	      123	
  398.33	      221	      197	      126	      290	      315	       75	      101	       91	      121	      276	      260	      112	      294	      270	      119	
  400.33	      221	      193	      130	      289	      313	       76	      101	       88	      130	      274	      261	      109	      293	      269	      119	
  402.33	      220	      197	      125	      290	      315	       74	      101	       91	      122	      272	      266	      104	      291	      272	      114	
  404.33	      219	      198	      122	      289	      315	       74	      101	       91	      123	      270	      268	      100	      290	      274	      111	
  406.33	      218	      196	      124	      290	      313	       77	      100	       88	      130	      267	      268	       97	      288	      274	      110	
  408.33	      216	      199	      118	      288	      314	       74	       98	       91	      117	      264	      272	       89	      285	      277	      105	
  410.33	      217	      199	      119	      290	      313	       77	      101	       91	      123	      264	      275	       87	      285	      278	      104	
  412.33	      216	      199	      117	      288	      311	       77	       98	       88	      124	      260	      275	       83	      283	      278	      103	
  414.33	      217	      197	      121	      291	      309	       81	      100	       88	      129	      261	      275	       83	      284	      278	      103	
  416.33	      216	      201	      116	      292	      310	       81	      100	       91	      123	      260	      279	       79	      283	      281	      100	
  418.33	      214	      198	      117	      292	      305	       85	       98	       88	      126	      257	      278	       76	      280	      280	       99	
  420.33	      216	      201	      115	      297	      303	       93	      100	       91	      123	      258	      281	       75	      282	      282	       97	
  422.33	      216	      201	      115	      302	      297	      102	      101	       91	      122	      257	      282	       72	      280	      282	       96	
  424.33	      214	      202	      113	      309	      288	      115	       98	       93	      112	      254	      285	       67	      278	      285	       91	
  426.33	      216	      199	      118	      334	      256	      168	      100	       90	      124	      255	      284	       69	      280	      283	       95	
  428.33	      216	      199	      118	      359	      228	      231	       98	       90	      118	      253	      284	       66	      277	      284	       91	
  430.33	      217	      199	      118	      359	      231	      225	      101	       90	      126	      254	      285	       67	      278	      285	       92	
  432.33	      215	      196	      121	      354	      233	      217	       99	       88	      126	      251	      283	       65	      275	      283	       90	
  434.33	      218	      195	      125	      353	      235	      212	      100	       88	      132	      253	      284	       66	      278	      283	       93	
  436.33	      219	      194	      127	      350	      238	      206	      100	       87	      132	      252	      285	       64	      278	      284	       92	
  438.33	      220	      191	      133	      345	      243	      194	       98	       88	      125	      249	      286	       61	      276	      284	       90	
  440.33	      224	      190	      140	      342	      251	      181	      101	       91	      124	      251	      288	       62	      277	      286	       89	
  442.33	      226	      185	      149	      334	      257	      167	       98	       90	      118	      249	      287	       60	      275	      285	       88	
  444.33	      233	      179	      167	      331	      260	      161	      100	       88	      130	      251	      286	       63	      277	      283	       91	
  446.33	      237	      178	      174	      328	      268	      149	      100	       92	      117	      251	      290	       59	      277	      287	       87	
  448.33	      239	      176	      180	      326	      269	      147	      101	       91	      123	      250	      287	       61	      276	      286	       89	
  450.33	      239	      171	      190	      326	      266	      150	      100	       88	      130	      251	      285	       64	      276	      284	       90	
  452.33	      239	      172	      188	      327	      266	      150	      101	       90	      124	      251	      287	       63	      276	      286	       87	
  454.33	      237	      172	      185	      323	      268	      144	       98	       90	      118	      251	      285	       63	      274	      286	       86	
  456.33	      239	      173	      185	      323	      272	      141	      100	       90	      124	      257	      278	       77	      276	      285	       89	
  458.33	      238	      176	      179	      319	      277	      133	      100	       93	      117	      269	      265	      101	      275	      287	       86	
  460.33	      237	      176	      176	      316	      279	      129	      100	       90	      123	      271	      263	      105	      276	      285	       88	
  462.33	      232	      176	      170	      311	      280	      124	       98	       88	      124	      268	      261	      104	      274	      283	       89	
  464.33	      234	      181	      165	      310	      285	      118	      100	       93	      116	      269	      266	      101	      276	      287	       87	
  466.33	      231	      180	      163	      307	      286	      114	       98	       91	      117	      267	      265	      100	      274	      285	       86	
  468.33	      231	      181	      162	      306	      288	      112	      100	       91	      123	      268	      265	      101	      276	      285	       89	
  470.33	      230	      181	      161	      305	      288	      111	      101	       88	      133	      267	      265	      100	      276	      282	       92	
  472.33	      228	      182	      157	      303	      290	      108	      100	       88	      131	      267	      265	      100	      276	      282	       91	
  474.33	      228	      185	      151	      301	      294	      104	      100	       91	      122	      266	      268	       96	      276	      284	       90	
  476.33	      227	      186	      148	      300	      296	      101	      100	       90	      123	      266	      269	       95	      277	      283	       91	
  478.33	      223	      188	      141	      296	      297	       97	       98	       90	      117	      262	      269	       91	      274	      284	       88	
  480.33	      223	      190	      138	      296	      299	       95	      100	       91	      122	      264	      270	       91	      275	      283	       90	
  482.33	      221	      193	      130	      295	      300	       93	      100	       91	      122	      263	      271	       89	      276	      283	       90	
  484.33	      219	      195	      126	      293	      303	       89	      101	       90	      124	      261	      274	       85	      276	      283	       91	
  486.33	      217	      197	      121	      291	      304	       86	      100	       91	      122	      260	      275	       82	      276	      282	       92	
  488.33	      215	      198	      117	      289	      304	       84	      101	       88	      129	      258	      275	       81	      276	      281	       93	
  490.33	      213	      203	      109	      287	      308	       79	      100	       90	      124	      257	      278	       77	      275	      282	       91	
  492.33	      208	      205	      102	      284	      310	       74	       98	       91	      117	      255	      279	       73	      274	      281	       90	
  494.33	      208	      207	       99	      285	      311	       74	      100	       90	      123	      255	      280	       72	      275	      281	       91	
  496.33	      205	      210	       92	      283	      312	       71	      100	       91	      122	      254	      282	       69	      275	      281	       92	
  498.33	      201	      213	       82	      280	      314	       67	       98	       91	      117	      250	      283	       65	      273	      281	       90	
  500.33	      200	      213	       81	      279	      314	       66	       98	       88	      124	      250	      282	       65	      273	      279	       92	
  502.33	      201	      216	       77	      280	      317	       64	      100	       90	      123	      251	      286	       63	      275	      281	       91	
  504.33	      199	      218	       73	      278	      317	       63	      100	       91	      120	      250	      286	       62	      275	      281	       91	
  506.33	      198	      218	       72	      277	      318	       62	      101	       91	      123	      250	      287	       61	      275	      281	       92	
  508.33	      197	      219	       69	      277	      319	       60	      100	       91	      122	      249	      286	       60	      275	      280	       92	
  510.33	      196	      218	       69	      276	      317	       62	      100	       88	      129	      248	      285	       61	      275	      278	       95	
  512.33	      196	      219	       67	      276	      317	       61	      101	       88	      130	      248	      285	       61	      276	      277	       96	
  514.33	      193	      222	       61	      274	      319	       57	       98	       91	      117	      247	      288	       57	      274	      279	       92	
  516.33	      195	      222	       63	      275	      319	       58	      100	       91	      121	      248	      288	       58	      275	      280	       93	
  518.33	      195	      220	       65	      275	      317	       60	      101	       88	      131	      248	      286	       60	      276	      278	       96	
  520.33	      194	      223	       61	      275	      320	       58	      101	       91	      123	      248	      288	       58	      275	      279	       94	
  522.33	      194	      221	       63	      274	      318	       58	      100	       88	      130	      248	      286	       60	      275	      277	       96	
  524.33	      194	      222	       62	      274	      317	       59	      101	       88	      130	      247	      286	       59	      275	      277	       96	
  526.33	      191	      223	       57	      272	      320	       56	       98	       91	      117	      246	      288	       56	      273	      279	       92	
  528.33	      193	      226	       57	      274	      320	       57	      101	       91	      123	      247	      288	       57	      275	      278	       95	
  530.33	      191	      224	       55	      272	      319	       55	       98	       91	      116	      244	      289	       54	      273	      278	       93	
  532.33	      193	      223	       58	      274	      319	       57	      100	       90	      123	      246	      290	       55	      275	      278	       95	
  534.33	      193	      222	       60	      274	      317	       58	      101	       88	      130	      246	      288	       56	      274	      275	       97	
  536.33	      192	      224	       58	      274	      319	       58	      100	       91	      122	      246	      290	       54	      275	      278	       95	
  538.33	      190	      224	       54	      272	      319	       56	       99	       91	      117	      243	      291	       50	      272	      277	       93	
  540.33	      192	      224	       57	      274	      319	       57	      100	       91	      120	      245	      291	       52	      275	      277	       95	
  542.33	      192	      224	       57	      274	      319	       58	      100	       91	      120	      244	      292	       51	      274	      277	       95	
  544.33	      192	      222	       59	      274	      316	       59	      100	       88	      128	      243	      290	       52	      275	      275	       97	
  546.33	      192	      222	       59	      274	      316	       60	      101	       88	      130	      243	      291	       52	      274	      275	       97	
  548.33	      192	      224	       56	      274	      317	       59	      100	       91	      122	      243	      292	       50	      274	      277	       95	
  550.33	      192	      224	       56	      274	      317	       59	      100	       91	      122	      243	      293	       49	      273	      278	       93	
  552.33	      189	      224	       53	      272	      317	       57	       98	       91	      116	      241	      293	       47	      272	      277	       93	
  554.33	      191	      222	       58	      275	      315	       61	      101	       88	      130	      243	      291	       50	      273	      275	       96	
  556.33	      191	      224	       56	      274	      316	       60	      101	       91	      123	      243	      293	       49	      273	      277	       94	
  558.33	      191	      227	       53	      274	      318	       58	      100	       92	      117	      243	      295	       47	      273	      279	       91	
  560.33	      192	      224	       57	      275	      316	       60	      100	       90	      123	      242	      293	       48	      272	      277	       93	
  562.33	      192	      224	       56	      275	      316	       61	      100	       91	      122	      242	      292	       49	      272	      278	       92	
  564.33	      189	      225	       53	      273	      315	       60	       98	       91	      117	      240	      293	       47	      269	      278	       88	
  566.33	      191	      222	       58	      275	      312	       64	      101	       88	      130	      242	      291	       50	      271	      276	       93	
  568.33	      191	      225	       55	      275	      315	       62	      100	       91	      122	      242	      293	       48	      271	      279	       90	
  570.33	      191	      224	       56	      276	      314	       64	      100	       91	      120	      242	      293	       48	      271	      279	       90	
  572.33	      189	      222	       55	      273	      312	       63	       98	       88	      125	      240	      291	       47	      268	      278	       88	
  574.33	      191	      226	       55	      276	      313	       64	      100	       91	      121	      242	      293	       48	      270	      279	       89	
  576.33	      191	      224	       56	      276	      312	       65	      100	       91	      122	      242	      292	       49	      270	      279	       88	
  578.33	      191	      223	       56	      277	      312	       66	      100	       90	      123	      242	      292	       49	      269	      279	       88	
  580.33	      191	      224	       56	      277	      311	       67	      100	       91	      122	      242	      293	       48	      269	      279	       88	
  582.33	      189	      221	       56	      275	      308	       67	       98	       88	      123	      240	      290	       49	      267	      277	       88	
  584.33	      191	      224	       56	      278	      310	       68	      100	       91	      122	      242	      292	       49	      269	      279	       88	
  586.33	      191	      224	       56	      279	      309	       69	      100	       91	      122	      242	      292	       49	      269	      279	       87	
  588.33	      191	      223	       56	      278	      309	       70	      100	       90	      122	      242	      292	       48	      269	      279	       87	
  590.33	      191	      222	       58	      279	      306	       73	      100	       88	      130	      242	      291	       50	      269	      278	       89	
  592.33	      191	      224	       56	      279	      307	       72	      100	       91	      122	      242	      292	       49	      269	      279	       87	
  594.33	      190	      222	       58	      279	      305	       73	      100	       87	      131	      242	      291	       49	      268	      277	       89	
  596.33	      191	      221	       59	      279	      305	       74	      100	       87	      131	      241	      290	       50	      268	      277	       88	
  598.33	      191	      224	       56	      279	      307	       72	      100	       91	      121	      241	      292	       48	      268	      279	       86	
  600.33	      190	      223	       56	      279	      306	       73	      100	       91	      122	      241	      293	       47	      267	      279	       85	
  602.33	      188	      223	       53	      278	      306	       71	       98	       90	      120	      239	      293	       46	      265	      280	       83	
  604.33	      191	      223	       57	      279	      306	       73	      100	       90	      123	      241	      292	       48	      267	      280	       84	
  606.33	      191	      222	       58	      280	      305	       74	      100	       91	      122	      241	      292	       47	      267	      280	       85	
  608.33	      191	      223	       56	      279	      306	       73	      100	       91	      121	      241	      292	       47	      267	      279	       85	
  610.33	      189	      221	       56	      277	      304	       72	       98	       88	      125	      239	      291	       47	      265	      277	       85	
  612.33	      188	      221	       56	      277	      304	       73	       98	       88	      124	      239	      291	       47	      264	      278	       84	
  614.33	      190	      221	       57	      279	      304	       74	      101	       88	      131	      241	      292	       48	      266	      278	       86	
  616.33	      190	      221	       58	      279	      304	       75	      100	       88	      131	      241	      291	       48	      266	      278	       86	
  618.33	      191	      222	       57	      279	      306	       73	      100	       91	      120	      240	      293	       46	      267	      279	       85	
  620.33	      190	      221	       59	      279	      304	       75	      100	       88	      129	      241	      291	       49	      266	      277	       86	
  622.33	      188	      222	       54	      277	      306	       71	       98	       91	      118	      238	      293	       44	      264	      279	       83	
  624.33	      190	      221	       59	      278	      305	       73	      100	       88	      128	      240	      291	       48	      266	      277	       87	
  626.33	      188	      222	       54	      276	      306	       70	       98	       91	      116	      238	      293	       44	      265	      279	       84	
  628.33	      190	      220	       59	      279	      303	       75	      100	       88	      130	      240	      291	       48	      266	      277	       87	
  630.33	      188	      223	       54	      278	      305	       73	       98	       91	      118	      239	      293	       45	      265	      279	       83	
  632.33	      188	      222	       54	      277	      305	       72	       98	       91	      117	      239	      292	       46	      264	      279	       83	
  634.33	      190	      222	       56	      278	      305	       73	      100	       91	      122	      241	      292	       49	      266	      280	       83	
  636.33	      191	      220	       60	      278	      303	       74	      100	       88	      130	      242	      290	       50	      265	      278	       85	
  638.33	      190	      222	       57	      278	      305	       73	      100	       91	      122	      242	      290	       50	      265	      279	       84	
  640.33	      190	      222	       56	      278	      305	       73	      100	       90	      123	      241	      291	       49	      265	      279	       83	
  642.33	      190	      222	       57	      279	      304	       74	      100	       91	      122	      241	      291	       49	      265	      279	       84	
  644.33	      188	      219	       56	      277	      302	       74	       98	       88	      123	      239	      289	       49	      263	      277	       84	
  646.33	      190	      220	       59	      279	      302	       76	      100	       88	      131	      241	      289	       51	      265	      277	       85	
  648.33	      190	      219	       60	      279	      301	       76	      100	       88	      130	      241	      289	       51	      265	      277	       85	
  650.33	      190	      219	       60	      279	      301	       77	      100	       88	      128	      241	      290	       50	      264	      277	       85	
  652.33	      187	      220	       56	      278	      301	       76	       99	       88	      126	      239	      290	       48	      262	      278	       82	
  654.33	      188	      221	       55	      279	      301	       76	       98	       90	      117	      239	      292	       46	      263	      280	       81	
  656.33	      190	      221	       58	      282	      300	       81	      100	       91	      122	      242	      291	       49	      264	      280	       81	
  658.33	      190	      223	       56	      283	      299	       83	      100	       93	      117	      241	      293	       47	      263	      282	       79	
  660.33	      190	      220	       59	      287	      294	       91	      100	       91	      122	      240	      291	       48	      263	      280	       81	
  662.33	      188	      218	       59	      288	      287	       99	       98	       87	      126	      239	      290	       48	      262	      277	       82	
  664.33	      190	      220	       59	      292	      287	      102	      100	       91	      123	      241	      291	       48	      264	      279	       82	
  666.33	      188	      220	       57	      291	      286	      102	       98	       90	      116	      239	      291	       47	      262	      279	       81	
  668.33	      191	      222	       58	      292	      286	      103	      100	       90	      123	      241	      291	       49	      263	      279	       82	
  670.33	      191	      218	       62	      292	      285	      104	      100	       88	      130	      240	      290	       49	      264	      277	       84	
  672.33	      190	      222	       57	      292	      286	      103	      100	       90	      123	      240	      291	       48	      263	      279	       82	
  674.33	      188	      218	       58	      290	      284	      103	       98	       88	      125	      239	      289	       49	      261	      276	       82	
  676.33	      190	      221	       58	      292	      287	      102	      100	       91	      122	      241	      290	       49	      263	      278	       83	
  678.33	      188	      217	       59	      290	      284	      103	       98	       88	      125	      239	      288	       49	      261	      276	       82	
  680.33	      188	      219	       57	      290	      286	      101	       98	       91	      117	      240	      290	       48	      261	      279	       79	
  682.33	      191	      219	       62	      293	      285	      104	      100	       88	      130	      242	      289	       52	      264	      278	       84	
  684.33	      190	      220	       59	      292	      288	      101	      100	       90	      123	      242	      290	       51	      264	      281	       81	
  686.33	      190	      218	       62	      291	      287	      102	      101	       88	      132	      242	      288	       52	      264	      278	       83	
  688.33	      190	      220	       59	      291	      289	      100	      100	       90	      123	      243	      290	       51	      264	      279	       82	
  690.33	      190	      221	       58	      291	      289	       99	      100	       90	      123	      243	      290	       51	      263	      280	       81	
  692.33	      190	      221	       59	      289	      290	       97	      100	       91	      122	      244	      289	       53	      264	      279	       82	
  694.33	      188	      218	       58	      286	      290	       94	       99	       88	      126	      243	      285	       56	      261	      277	       82	
  696.33	      188	      220	       56	      285	      290	       93	       99	       87	      127	      248	      280	       65	      261	      277	       82	
  698.33	      188	      220	       56	      283	      292	       89	       98	       90	      118	      255	      272	       80	      262	      279	       81	
  700.33	      190	      220	       58	      285	      294	       89	      100	       90	      122	      262	      267	       92	      264	      278	       83	
  702.33	      190	      218	       61	      284	      293	       89	      100	       88	      131	      262	      265	       94	      264	      276	       85	
  704.33	      190	      220	       59	      283	      296	       86	      100	       91	      122	      262	      267	       93	      264	      279	       83	
  706.33	      190	      220	       58	      283	      296	       85	      100	       91	      122	      262	      268	       91	      264	      279	       83	
  708.33	      189	      220	       58	      281	      297	       82	      100	       90	      122	      261	      269	       89	      264	      279	       83	
  710.33	      189	      222	       55	      281	      299	       80	      100	       93	      116	      260	      272	       85	      263	      281	       80	
  712.33	      189	      220	       57	      280	      297	       81	      100	       90	      123	      258	      271	       85	      263	      278	       82	
  714.33	      189	      222	       56	      281	      299	       81	      100	       93	      116	      258	      274	       82	      263	      280	       80	
  716.33	      189	      220	       58	      281	      297	       82	      100	       91	      122	      258	      272	       83	      263	      278	       82	
  718.33	      189	      220	       59	      280	      297	       82	      100	       90	      124	      257	      273	       82	      263	      279	       82	
  720.33	      189	      220	       59	      281	      297	       83	      100	       91	      122	      256	      274	       79	      262	      279	       81	
  722.33	      189	      220	       58	      282	      295	       85	      100	       90	      122	      254	      276	       75	      263	      279	       81	
