Experiment_Code:		127
HEADER_INFORMATION
Dual_Wavelength_Imaging_With_Two_Object_Classes
Object_by_Object_Ratioing
Threshold=0
Red_Objects=	7	Green_Objects=	0
Reserved
Ion:				Ca++
Wavelength_A:			340
Wavelength_B:			380
A_Exposure_Time:		120
B_Exposure_Time:		30
Minimum_Ion_[nMol]:		0.000000
Maximum_Ion_[nMol]:		602.000000
Calibration_Filename:		dw120404#1.CAL
Calibration_A_Exposure_Time:	120.000000
Calibration_B_Exposure_Time:	30.000000
No._of_Calib._Table_Entries:	5
Ca++	Ratio
  0.00	0.572811
 38.00	0.789131
100.00	1.005634
225.00	1.552722
602.00	2.884055
Image_Width:			696
Image_Height:			512
Number_of_Time_Points:		425
Number_of_Objects:		7
Event_Times			0
Horizontal_Binning=2
Vertical_Binning=2
Reserved
DATA_AFTER_THIS_LINE
Time[seconds]	  340[01]	  380[01]	 Ca++[01]	  340[02]	  380[02]	 Ca++[02]	  340[03]	  380[03]	 Ca++[03]	  340[04]	  380[04]	 Ca++[04]	  340[05]	  380[05]	 Ca++[05]	  340[06]	  380[06]	 Ca++[06]	  340[07]	  380[07]	 Ca++[07]	
    0.24	      161	      198	       45	       62	       59	      112	      145	      172	       54	      202	      248	       45	      184	      223	       48	      150	      170	       64	      200	      245	       46	
    2.24	      161	      193	       51	       63	       54	      134	      146	      168	       60	      201	      244	       48	      182	      220	       49	      148	      166	       67	      198	      240	       47	
    4.24	      159	      190	       51	       60	       52	      133	      143	      165	       61	      201	      242	       49	      182	      218	       51	      148	      164	       70	      198	      239	       49	
    6.24	      161	      190	       54	       62	       52	      138	      144	      166	       61	      200	      243	       47	      181	      217	       50	      146	      164	       67	      196	      239	       47	
    8.24	      161	      192	       52	       63	       54	      133	      145	      167	       60	      202	      245	       47	      182	      219	       49	      148	      166	       67	      198	      241	       47	
   10.24	      161	      191	       53	       62	       52	      140	      145	      166	       62	      200	      243	       47	      181	      218	       49	      146	      164	       67	      196	      239	       47	
   12.24	      161	      190	       54	       62	       52	      139	      144	      165	       61	      200	      244	       46	      180	      217	       50	      146	      164	       67	      196	      238	       48	
   14.24	      161	      190	       54	       62	       52	      139	      144	      166	       60	      199	      243	       47	      181	      217	       50	      146	      164	       67	      196	      239	       47	
   16.24	      159	      191	       50	       60	       52	      133	      144	      166	       60	      201	      243	       48	      182	      217	       52	      148	      164	       71	      198	      238	       49	
   18.24	      161	      192	       51	       62	       54	      132	      146	      167	       61	      203	      245	       49	      184	      220	       52	      150	      166	       70	      200	      241	       50	
   20.24	      161	      190	       54	       62	       52	      140	      144	      166	       60	      199	      243	       47	      181	      217	       50	      146	      164	       67	      196	      238	       47	
   22.24	      159	      191	       50	       60	       52	      132	      144	      166	       60	      201	      243	       48	      183	      217	       53	      148	      164	       71	      198	      239	       49	
   24.24	      159	      191	       51	       60	       52	      133	      143	      166	       60	      200	      243	       47	      181	      217	       50	      146	      164	       66	      196	      239	       47	
   26.24	      161	      192	       51	       62	       54	      133	      145	      167	       60	      202	      245	       48	      185	      219	       53	      150	      166	       71	      201	      240	       51	
   28.24	      159	      191	       50	       60	       52	      133	      144	      166	       59	      201	      243	       48	      183	      217	       53	      148	      164	       70	      198	      239	       49	
   30.24	      159	      193	       48	       60	       54	      123	      142	      167	       54	      198	      245	       42	      179	      219	       46	      145	      166	       61	      195	      240	       44	
   32.24	      161	      191	       53	       62	       53	      138	      145	      166	       61	      200	      243	       47	      181	      217	       50	      146	      165	       66	      197	      239	       48	
   34.24	      159	      192	       49	       60	       54	      123	      144	      168	       57	      201	      246	       46	      182	      219	       50	      148	      166	       67	      198	      241	       48	
   36.24	      161	      191	       53	       62	       52	      139	      144	      166	       60	      201	      243	       48	      181	      217	       50	      146	      164	       67	      197	      239	       47	
   38.24	      161	      191	       53	       63	       52	      144	      146	      166	       63	      202	      243	       49	      183	      217	       52	      148	      164	       70	      198	      239	       49	
   40.24	      160	      190	       53	       62	       52	      139	      144	      166	       61	      199	      244	       46	      181	      217	       50	      147	      164	       68	      197	      239	       47	
   42.24	      161	      190	       54	       62	       52	      139	      144	      166	       60	      200	      243	       47	      181	      217	       50	      146	      164	       66	      196	      240	       46	
   44.24	      161	      192	       51	       62	       54	      132	      146	      169	       59	      204	      245	       50	      185	      219	       53	      150	      166	       69	      200	      241	       50	
   46.24	      161	      191	       53	       61	       52	      138	      144	      166	       60	      200	      243	       46	      181	      217	       51	      146	      164	       67	      197	      239	       47	
   48.24	      159	      193	       48	       60	       54	      123	      144	      169	       57	      201	      245	       47	      184	      220	       51	      148	      166	       67	      198	      241	       47	
   50.24	      159	      193	       48	       60	       54	      124	      144	      168	       57	      201	      245	       47	      183	      220	       50	      148	      166	       68	      199	      241	       48	
   52.24	      161	      191	       53	       62	       52	      138	      145	      166	       61	      200	      244	       47	      181	      218	       50	      146	      164	       67	      197	      239	       47	
   54.24	      159	      191	       51	       60	       52	      133	      144	      166	       61	      201	      243	       49	      183	      217	       53	      148	      164	       71	      199	      239	       50	
   56.24	      159	      192	       49	       60	       55	      123	      144	      169	       57	      201	      246	       46	      183	      220	       50	      148	      166	       67	      199	      242	       47	
   58.24	      159	      190	       50	       60	       53	      132	      144	      166	       60	      201	      244	       48	      183	      218	       53	      148	      164	       71	      199	      239	       50	
   60.24	      161	      191	       54	       62	       53	      139	      145	      167	       60	      200	      244	       46	      181	      218	       50	      147	      164	       68	      197	      239	       48	
   62.24	      160	      190	       52	       60	       52	      132	      144	      166	       60	      199	      244	       46	      181	      218	       50	      146	      163	       68	      197	      239	       48	
   64.24	      158	      192	       48	       61	       54	      123	      144	      169	       56	      201	      246	       46	      183	      220	       50	      149	      166	       69	      199	      241	       48	
   66.24	      161	      190	       54	       62	       53	      137	      145	      166	       61	      199	      244	       46	      181	      218	       50	      146	      164	       67	      197	      239	       48	
   68.24	      158	      190	       50	       60	       53	      132	      145	      167	       60	      202	      244	       49	      183	      218	       52	      149	      164	       71	      199	      239	       50	
   70.24	      159	      190	       51	       60	       53	      131	      144	      166	       60	      201	      244	       48	      183	      218	       52	      148	      164	       70	      198	      239	       49	
   72.24	      159	      191	       50	       60	       53	      132	      144	      167	       59	      201	      244	       48	      183	      218	       52	      148	      164	       71	      199	      239	       50	
   74.24	      159	      192	       49	       60	       54	      126	      142	      168	       54	      198	      246	       43	      179	      220	       44	      144	      166	       60	      195	      241	       43	
   76.24	      159	      190	       51	       60	       53	      131	      144	      167	       59	      201	      244	       48	      182	      218	       51	      149	      164	       71	      199	      239	       50	
   78.24	      159	      191	       51	       61	       52	      134	      144	      167	       59	      200	      244	       46	      181	      218	       50	      146	      164	       67	      197	      239	       48	
   80.24	      159	      192	       48	       60	       54	      124	      144	      169	       56	      201	      246	       46	      183	      221	       49	      148	      166	       67	      199	      241	       48	
   82.24	      159	      190	       51	       60	       52	      133	      144	      167	       59	      201	      244	       47	      183	      219	       51	      148	      164	       70	      199	      239	       50	
   84.24	      159	      190	       51	       60	       52	      133	      144	      167	       59	      202	      244	       48	      183	      218	       52	      149	      164	       71	      199	      239	       50	
   86.24	      159	      192	       49	       60	       54	      123	      144	      169	       56	      201	      246	       46	      183	      220	       49	      148	      165	       69	      199	      241	       48	
   88.24	      161	      192	       52	       63	       54	      134	      146	      169	       59	      203	      246	       48	      185	      220	       52	      151	      166	       72	      201	      241	       51	
   90.24	      159	      191	       50	       60	       53	      131	      144	      167	       58	      202	      245	       48	      183	      218	       52	      149	      164	       72	      199	      239	       50	
   92.24	      161	      192	       52	       62	       54	      130	      144	      169	       57	      200	      246	       44	      181	      220	       47	      146	      166	       64	      197	      242	       46	
   94.24	      159	      192	       49	       60	       54	      124	      144	      169	       56	      202	      246	       47	      183	      220	       50	      149	      166	       68	      199	      241	       48	
   96.24	      161	      191	       54	       62	       53	      140	      146	      167	       62	      202	      244	       49	      183	      218	       52	      149	      164	       72	      199	      240	       50	
   98.24	      159	      193	       48	       60	       54	      122	      144	      169	       56	      202	      246	       47	      183	      220	       49	      149	      166	       68	      199	      241	       48	
  100.24	      159	      191	       51	       61	       53	      132	      144	      167	       59	      202	      245	       48	      183	      218	       52	      149	      164	       71	      199	      239	       50	
  102.24	      159	      192	       49	       60	       54	      123	      144	      169	       56	      202	      246	       47	      183	      220	       49	      149	      166	       69	      199	      241	       48	
  104.24	      159	      190	       51	       60	       52	      132	      144	      167	       59	      202	      245	       48	      183	      219	       51	      148	      164	       71	      200	      240	       50	
  106.24	      161	      190	       54	       62	       53	      139	      145	      168	       59	      201	      244	       47	      181	      219	       49	      147	      164	       69	      198	      239	       48	
  108.24	      159	      192	       49	       60	       54	      122	      143	      169	       53	      199	      246	       43	      179	      221	       44	      144	      166	       61	      195	      241	       43	
  110.24	      159	      192	       49	       60	       54	      123	      143	      170	       53	      199	      246	       43	      179	      220	       44	      144	      166	       61	      195	      242	       43	
  112.24	      159	      191	       50	       60	       52	      132	      143	      168	       56	      198	      244	       44	      179	      218	       46	      145	      164	       64	      196	      240	       45	
  114.24	      161	      190	       53	       62	       52	      141	      145	      167	       61	      200	      244	       47	      181	      218	       49	      147	      164	       68	      197	      240	       47	
  116.24	      161	      190	       54	       62	       53	      138	      145	      167	       60	      201	      243	       48	      180	      218	       49	      147	      164	       68	      197	      239	       48	
  118.24	      159	      192	       49	       60	       54	      122	      143	      169	       53	      199	      245	       43	      179	      221	       43	      144	      166	       61	      195	      242	       43	
  120.24	      161	      191	       53	       62	       53	      139	      145	      167	       60	      200	      243	       47	      181	      219	       48	      146	      164	       68	      197	      240	       47	
  122.24	      161	      191	       53	       62	       52	      141	      145	      167	       60	      201	      244	       48	      181	      219	       48	      146	      164	       67	      197	      240	       47	
  124.24	      160	      191	       52	       62	       53	      139	      145	      167	       60	      200	      244	       47	      181	      218	       49	      146	      164	       68	      197	      240	       47	
  126.24	      159	      192	       48	       60	       54	      123	      144	      169	       57	      201	      245	       47	      183	      220	       49	      148	      166	       68	      199	      242	       48	
  128.24	      158	      193	       47	       60	       54	      123	      145	      169	       58	      202	      245	       47	      182	      220	       49	      148	      166	       67	      199	      242	       48	
  130.24	      160	      191	       51	       62	       52	      141	      147	      167	       63	      202	      244	       49	      183	      218	       52	      149	      164	       71	      200	      240	       50	
  132.24	      159	      191	       50	       60	       53	      132	      145	      167	       60	      202	      244	       49	      183	      218	       51	      148	      163	       72	      200	      240	       50	
  134.24	      158	      193	       47	       60	       55	      122	      145	      169	       57	      202	      246	       47	      183	      220	       49	      149	      166	       68	      199	      242	       47	
  136.24	      158	      191	       48	       60	       53	      131	      144	      167	       60	      202	      244	       49	      183	      218	       52	      148	      164	       70	      199	      240	       49	
  138.24	      159	      193	       48	       60	       54	      122	      145	      169	       58	      202	      246	       47	      183	      220	       50	      148	      166	       68	      199	      242	       47	
  140.24	      158	      191	       49	       60	       53	      131	      145	      167	       60	      203	      244	       50	      183	      218	       52	      148	      164	       71	      199	      240	       49	
  142.24	      160	      191	       51	       62	       52	      140	      145	      167	       61	      200	      244	       47	      181	      218	       50	      146	      164	       68	      197	      240	       47	
  144.24	      160	      191	       51	       62	       52	      139	      145	      167	       61	      201	      243	       48	      181	      218	       50	      146	      164	       67	      197	      240	       47	
  146.24	      158	      191	       49	       60	       53	      130	      145	      167	       60	      202	      243	       49	      183	      218	       53	      148	      164	       71	      199	      240	       49	
  148.24	      158	      191	       48	       60	       53	      133	      144	      167	       60	      202	      243	       50	      183	      218	       53	      148	      164	       71	      199	      240	       49	
  150.24	      158	      193	       47	       60	       54	      123	      145	      169	       57	      202	      245	       48	      183	      219	       50	      148	      166	       67	      199	      242	       47	
  152.24	      158	      191	       50	       60	       52	      132	      145	      167	       60	      203	      243	       50	      183	      218	       52	      148	      164	       71	      199	      240	       50	
  154.24	      160	      191	       52	       62	       52	      142	      147	      167	       63	      203	      244	       50	      183	      218	       53	      148	      164	       71	      199	      240	       50	
  156.24	      159	      190	       51	       60	       52	      131	      144	      167	       59	      202	      243	       50	      184	      218	       53	      148	      164	       70	      199	      240	       50	
  158.24	      160	      194	       48	       62	       55	      127	      145	      169	       58	      201	      245	       47	      182	      220	       48	      146	      166	       64	      197	      241	       46	
  160.24	      158	      192	       47	       60	       54	      125	      144	      169	       56	      202	      245	       48	      184	      220	       51	      148	      166	       67	      199	      242	       48	
  162.24	      159	      192	       48	       60	       54	      123	      144	      169	       56	      202	      246	       47	      184	      219	       51	      148	      166	       68	      199	      242	       47	
  164.24	      160	      191	       52	       62	       53	      138	      145	      167	       60	      201	      243	       49	      182	      217	       51	      147	      164	       68	      198	      240	       48	
  166.24	      160	      193	       50	       63	       54	      132	      147	      169	       61	      204	      245	       50	      186	      219	       54	      150	      166	       71	      201	      242	       50	
  168.24	      158	      193	       46	       61	       54	      125	      145	      169	       57	      202	      246	       47	      184	      219	       52	      149	      166	       69	      199	      242	       48	
  170.24	      160	      191	       52	       62	       53	      139	      145	      167	       60	      200	      243	       47	      182	      217	       52	      146	      163	       68	      198	      240	       48	
  172.24	      158	      193	       47	       61	       54	      124	      145	      169	       57	      202	      245	       47	      184	      218	       53	      148	      165	       69	      199	      242	       48	
  174.24	      158	      193	       47	       60	       55	      122	      143	      169	       54	      199	      245	       44	      180	      219	       48	      144	      165	       62	      195	      242	       43	
  176.24	      158	      193	       47	       60	       54	      123	      144	      169	       54	      199	      245	       44	      180	      219	       48	      145	      165	       63	      196	      241	       44	
  178.24	      158	      191	       49	       60	       53	      132	      145	      167	       60	      203	      243	       50	      184	      217	       54	      149	      163	       73	      199	      240	       50	
  180.24	      158	      190	       49	       61	       52	      133	      145	      167	       60	      201	      244	       47	      182	      216	       54	      147	      163	       69	      197	      240	       47	
  182.24	      158	      192	       47	       60	       54	      123	      143	      169	       54	      199	      246	       44	      180	      219	       48	      145	      165	       62	      195	      242	       42	
  184.24	      160	      191	       52	       62	       53	      139	      145	      168	       60	      201	      243	       48	      182	      217	       52	      146	      163	       69	      198	      240	       48	
  186.24	      160	      191	       52	       62	       52	      141	      145	      167	       60	      201	      243	       49	      182	      217	       52	      147	      163	       69	      197	      240	       47	
  188.24	      160	      191	       52	       62	       52	      140	      145	      167	       60	      201	      243	       48	      182	      217	       53	      147	      163	       69	      197	      240	       48	
  190.24	      158	      192	       47	       60	       54	      123	      143	      169	       54	      199	      245	       44	      180	      219	       47	      145	      165	       63	      196	      242	       44	
  192.24	      160	      191	       51	       62	       53	      138	      146	      167	       61	      201	      243	       48	      182	      217	       52	      146	      163	       68	      197	      240	       47	
  194.24	      160	      192	       50	       63	       55	      132	      147	      169	       60	      205	      245	       50	      186	      219	       55	      150	      165	       72	      202	      242	       51	
  196.24	      158	      193	       47	       61	       54	      124	      145	      169	       57	      203	      245	       49	      184	      219	       52	      149	      165	       70	      200	      242	       48	
  198.24	      160	      191	       52	       62	       53	      138	      145	      168	       59	      201	      243	       49	      182	      216	       53	      146	      163	       68	      198	      240	       48	
  200.24	      158	      193	       47	       60	       54	      123	      145	      170	       56	      202	      245	       48	      184	      218	       53	      148	      165	       68	      200	      242	       48	
  202.24	      158	      191	       48	       61	       52	      134	      145	      167	       61	      203	      243	       50	      184	      216	       55	      148	      164	       71	      199	      240	       50	
  204.24	      160	      190	       53	       62	       52	      141	      145	      167	       61	      201	      243	       48	      182	      216	       53	      146	      163	       68	      197	      240	       47	
  206.24	      158	      193	       46	       60	       55	      121	      144	      169	       54	      199	      245	       45	      181	      218	       48	      144	      166	       61	      196	      242	       43	
  208.24	      158	      192	       47	       61	       55	      122	      145	      169	       57	      203	      245	       49	      184	      218	       54	      149	      165	       69	      199	      242	       47	
  210.24	      158	      193	       46	       61	       55	      123	      143	      169	       54	      199	      245	       45	      181	      218	       49	      144	      165	       62	      196	      242	       43	
  212.24	      159	      192	       49	       62	       55	      131	      147	      169	       60	      205	      245	       51	      187	      218	       57	      150	      165	       72	      202	      242	       51	
  214.24	      158	      190	       49	       61	       53	      132	      145	      167	       60	      202	      243	       50	      185	      216	       57	      148	      163	       72	      200	      240	       50	
  216.24	      160	      191	       52	       62	       53	      138	      146	      168	       60	      201	      243	       48	      183	      215	       55	      146	      163	       70	      198	      240	       47	
  218.24	      158	      191	       49	       61	       53	      134	      145	      167	       60	      203	      243	       51	      185	      216	       57	      149	      163	       73	      200	      240	       50	
  220.24	      158	      190	       50	       60	       52	      132	      145	      167	       59	      203	      243	       51	      185	      215	       57	      149	      163	       73	      200	      240	       50	
  222.24	      158	      192	       47	       60	       55	      121	      143	      170	       53	      199	      246	       44	      181	      217	       50	      145	      165	       63	      196	      242	       44	
  224.24	      158	      192	       47	       61	       55	      123	      145	      169	       57	      203	      245	       48	      185	      218	       55	      148	      165	       69	      200	      241	       49	
  226.24	      158	      190	       50	       61	       53	      133	      145	      167	       60	      201	      244	       48	      183	      215	       56	      146	      163	       69	      198	      239	       49	
  228.24	      158	      192	       47	       61	       55	      123	      144	      169	       56	      203	      245	       48	      185	      217	       55	      149	      165	       69	      200	      242	       49	
  230.24	      158	      192	       47	       60	       54	      123	      143	      170	       54	      200	      245	       45	      181	      217	       51	      145	      165	       62	      196	      241	       45	
  232.24	      160	      190	       52	       62	       53	      139	      146	      167	       60	      201	      243	       49	      183	      215	       56	      146	      163	       69	      198	      240	       48	
  234.24	      158	      190	       50	       61	       53	      131	      145	      168	       58	      203	      244	       50	      185	      215	       59	      148	      163	       72	      200	      239	       51	
  236.24	      159	      190	       52	       62	       53	      138	      145	      168	       59	      201	      243	       48	      183	      215	       56	      146	      163	       69	      198	      239	       49	
  238.24	      158	      191	       49	       60	       53	      131	      145	      168	       58	      201	      244	       48	      183	      214	       56	      146	      163	       69	      198	      239	       49	
  240.24	      160	      190	       52	       62	       53	      139	      145	      168	       59	      201	      244	       48	      183	      214	       57	      146	      163	       69	      198	      240	       48	
  242.24	      160	      191	       51	       62	       54	      130	      145	      170	       56	      201	      245	       46	      184	      216	       55	      146	      165	       66	      198	      241	       47	
  244.24	      158	      192	       47	       61	       55	      122	      143	      170	       53	      199	      246	       44	      182	      216	       53	      144	      165	       63	      196	      241	       44	
  246.24	      158	      191	       48	       61	       55	      123	      145	      170	       57	      202	      245	       48	      187	      213	       63	      149	      164	       71	      200	      240	       51	
  248.24	      158	      191	       48	       61	       54	      124	      145	      169	       57	      203	      245	       49	      194	      204	       84	      149	      164	       72	      201	      239	       53	
  250.24	      159	      188	       53	       60	       52	      134	      145	      167	       60	      203	      243	       51	      248	      133	      310	      149	      161	       77	      204	      233	       63	
  252.24	      165	      179	       76	       61	       52	      134	      146	      166	       63	      203	      242	       53	      245	      137	      292	      151	      159	       83	      214	      220	       91	
  254.24	      176	      166	      111	       61	       52	      133	      147	      165	       66	      204	      242	       53	      241	      142	      266	      153	      156	       91	      276	      142	      333	
  256.24	      202	      131	      223	       60	       53	      132	      147	      165	       68	      203	      241	       53	      235	      147	      235	      157	      148	      112	      271	      146	      309	
  258.24	      216	      118	      302	       61	       53	      131	      148	      163	       72	      204	      240	       54	      231	      153	      213	      182	      116	      231	      266	      153	      275	
  260.24	      213	      121	      282	       60	       52	      132	      150	      161	       77	      203	      240	       55	      226	      159	      194	      184	      115	      239	      260	      160	      243	
  262.24	      212	      125	      264	       62	       53	      139	      152	      158	       87	      204	      238	       57	      221	      165	      176	      182	      117	      224	      254	      168	      216	
  264.24	      207	      130	      235	       60	       53	      131	      157	      152	      105	      206	      238	       59	      219	      170	      165	      182	      120	      215	      251	      176	      195	
  266.24	      205	      136	      213	       62	       54	      130	      173	      131	      170	      206	      238	       59	      214	      176	      147	      178	      125	      196	      243	      184	      171	
  268.24	      199	      141	      191	       61	       54	      125	      192	      113	      263	      209	      236	       65	      213	      180	      141	      178	      127	      190	      240	      191	      158	
  270.24	      194	      147	      172	       61	       54	      124	      187	      117	      236	      207	      234	       64	      207	      183	      128	      173	      129	      176	      232	      196	      139	
  272.24	      191	      151	      159	       60	       55	      122	      183	      122	      211	      209	      232	       69	      205	      186	      121	      171	      130	      169	      228	      201	      128	
  274.24	      188	      155	      147	       60	       55	      122	      179	      127	      190	      211	      228	       77	      203	      188	      116	      170	      132	      165	      224	      206	      119	
  276.24	      185	      156	      141	       60	       53	      131	      174	      131	      174	      216	      220	       94	      201	      189	      113	      168	      131	      163	      222	      208	      113	
  278.24	      183	      159	      133	       61	       53	      132	      172	      136	      159	      233	      199	      137	      202	      190	      113	      170	      133	      161	      221	      211	      109	
  280.24	      182	      160	      128	       61	       53	      133	      167	      140	      143	      278	      145	      326	      202	      191	      111	      170	      134	      159	      220	      214	      104	
  282.24	      182	      162	      126	       62	       52	      141	      165	      144	      132	      274	      150	      302	      199	      192	      106	      167	      136	      151	      216	      217	       96	
  284.24	      180	      165	      119	       61	       54	      124	      160	      149	      115	      268	      157	      270	      197	      195	      100	      164	      139	      139	      212	      222	       85	
  286.24	      181	      165	      119	       63	       54	      133	      162	      152	      113	      269	      163	      253	      202	      196	      106	      169	      139	      147	      216	      223	       89	
  288.24	      180	      164	      121	       62	       53	      138	      158	      152	      108	      261	      167	      229	      199	      194	      104	      166	      137	      146	      211	      223	       82	
  290.24	      181	      164	      121	       62	       53	      139	      157	      155	      101	      258	      172	      212	      199	      194	      104	      166	      137	      146	      209	      225	       78	
  292.24	      179	      163	      120	       61	       53	      131	      155	      156	       95	      255	      177	      198	      202	      192	      109	      169	      135	      155	      211	      226	       79	
  294.24	      178	      164	      118	       61	       53	      132	      154	      157	       92	      251	      183	      183	      203	      190	      114	      170	      134	      160	      210	      227	       77	
  296.24	      178	      166	      114	       61	       53	      133	      153	      158	       88	      245	      188	      168	      206	      184	      125	      170	      132	      165	      208	      227	       73	
  298.24	      178	      168	      112	       62	       52	      140	      152	      160	       84	      241	      192	      157	      211	      176	      143	      174	      127	      182	      208	      227	       73	
  300.24	      174	      169	      105	       61	       53	      132	      151	      160	       81	      240	      196	      149	      226	      161	      191	      179	      123	      203	      209	      228	       74	
  302.24	      173	      171	      101	       61	       52	      133	      151	      161	       79	      238	      200	      142	      239	      142	      261	      180	      121	      208	      209	      228	       75	
  304.24	      171	      173	       94	       61	       52	      134	      150	      162	       77	      235	      203	      134	      242	      140	      272	      180	      122	      206	      210	      227	       76	
  306.24	      170	      177	       87	       60	       54	      123	      148	      164	       71	      229	      208	      121	      236	      146	      242	      175	      126	      186	      206	      229	       68	
  308.24	      169	      175	       88	       61	       53	      132	      150	      162	       76	      230	      209	      122	      236	      148	      235	      177	      126	      191	      209	      228	       75	
  310.24	      169	      178	       84	       61	       55	      123	      149	      165	       71	      228	      213	      114	      231	      156	      208	      175	      131	      175	      209	      229	       73	
  312.24	      170	      174	       91	       60	       52	      132	      149	      162	       73	      226	      213	      112	      226	      160	      191	      173	      130	      173	      210	      227	       77	
  314.24	      172	      173	       97	       60	       54	      122	      149	      165	       71	      225	      217	      106	      222	      169	      169	      171	      135	      159	      211	      228	       77	
  316.24	      182	      161	      128	       62	       53	      139	      150	      163	       75	      222	      217	      104	      215	      173	      153	      168	      135	      153	      210	      224	       81	
  318.24	      194	      144	      176	       61	       54	      125	      148	      165	       68	      222	      220	      100	      213	      180	      139	      168	      139	      146	      214	      223	       86	
  320.24	      215	      118	      298	       61	       52	      134	      147	      163	       71	      217	      220	       95	      205	      182	      127	      162	      139	      135	      212	      219	       89	
  322.24	      216	      119	      298	       60	       52	      132	      149	      163	       72	      219	      222	       95	      207	      186	      123	      164	      141	      135	      218	      216	      100	
  324.24	      213	      122	      278	       61	       53	      133	      149	      163	       73	      218	      223	       92	      204	      189	      116	      163	      144	      129	      221	      212	      108	
  326.24	      211	      126	      260	       62	       52	      139	      149	      163	       74	      216	      224	       87	      200	      192	      107	      159	      145	      120	      222	      208	      113	
  328.24	      205	      132	      225	       61	       54	      125	      149	      165	       70	      216	      227	       84	      200	      196	      102	      160	      149	      114	      229	      203	      128	
  330.24	      202	      135	      209	       60	       52	      132	      149	      163	       74	      215	      226	       84	      199	      196	      101	      159	      149	      114	      241	      185	      166	
  332.24	      199	      141	      192	       62	       53	      138	      150	      163	       76	      213	      227	       80	      196	      197	       95	      156	      150	      106	      267	      149	      292	
  334.24	      194	      147	      172	       62	       53	      138	      150	      162	       78	      212	      228	       78	      195	      199	       92	      155	      152	      102	      270	      147	      302	
  336.24	      190	      153	      154	       62	       52	      141	      152	      161	       82	      212	      229	       77	      194	      200	       89	      154	      152	      100	      266	      153	      276	
  338.24	      183	      158	      135	       61	       53	      132	      152	      160	       83	      213	      230	       77	      195	      201	       90	      155	      154	      100	      262	      160	      248	
  340.24	      180	      162	      123	       61	       53	      132	      152	      159	       87	      212	      230	       75	      195	      201	       89	      154	      155	       97	      257	      168	      219	
  342.24	      177	      166	      114	       61	       52	      133	      153	      158	       89	      210	      230	       73	      193	      201	       86	      151	      156	       90	      249	      175	      193	
  344.24	      175	      171	      104	       60	       55	      122	      152	      159	       86	      208	      233	       67	      191	      203	       81	      149	      159	       80	      241	      185	      168	
  346.24	      173	      173	       98	       60	       55	      121	      155	      156	       95	      207	      233	       67	      192	      202	       84	      148	      159	       78	      235	      192	      150	
  348.24	      171	      175	       92	       61	       55	      123	      157	      153	      105	      207	      233	       65	      193	      201	       87	      148	      160	       76	      231	      198	      137	
  350.24	      172	      175	       93	       62	       53	      139	      165	      143	      134	      209	      233	       68	      196	      196	       98	      150	      157	       84	      229	      201	      130	
  352.24	      169	      178	       84	       61	       54	      124	      185	      121	      219	      210	      234	       69	      201	      194	      106	      151	      160	       83	      227	      207	      120	
  354.24	      168	      179	       81	       61	       55	      123	      189	      115	      251	      206	      234	       64	      203	      186	      119	      148	      160	       76	      221	      211	      109	
  356.24	      167	      179	       80	       60	       53	      131	      188	      116	      241	      210	      232	       70	      220	      166	      171	      151	      157	       87	      222	      212	      109	
  358.24	      166	      180	       77	       61	       53	      133	      184	      122	      215	      209	      232	       70	      241	      140	      274	      152	      157	       90	      220	      215	      104	
  360.24	      166	      180	       75	       61	       53	      132	      179	      127	      192	      210	      231	       71	      243	      139	      279	      153	      156	       93	      218	      217	       99	
  362.24	      167	      181	       75	       62	       53	      138	      176	      132	      173	      208	      232	       69	      237	      144	      251	      152	      155	       93	      214	      219	       91	
  364.24	      164	      184	       67	       61	       55	      125	      171	      139	      150	      209	      234	       68	      234	      152	      221	      155	      155	       97	      215	      223	       87	
  366.24	      163	      184	       66	       60	       53	      131	      167	      142	      139	      210	      232	       70	      229	      157	      202	      156	      151	      106	      213	      223	       85	
  368.24	      162	      186	       61	       61	       54	      125	      164	      148	      123	      209	      233	       68	      223	      167	      175	      157	      151	      107	      211	      227	       79	
  370.24	      161	      187	       59	       60	       54	      123	      161	      151	      114	      210	      232	       70	      218	      173	      157	      158	      150	      111	      210	      228	       76	
  372.24	      161	      186	       60	       61	       53	      132	      159	      152	      108	      210	      230	       73	      213	      177	      145	      159	      147	      117	      209	      228	       74	
  374.24	      161	      186	       58	       61	       53	      134	      157	      155	      101	      208	      230	       71	      207	      182	      129	      157	      146	      116	      206	      229	       69	
  376.24	      163	      188	       60	       62	       55	      128	      156	      159	       92	      209	      231	       70	      204	      189	      117	      158	      148	      115	      205	      232	       64	
  378.24	      161	      185	       60	       61	       53	      133	      154	      158	       91	      209	      229	       73	      201	      190	      111	      160	      143	      126	      204	      232	       63	
  380.24	      161	      187	       58	       60	       54	      122	      151	      162	       78	      207	      231	       68	      197	      196	      100	      161	      141	      131	      201	      234	       58	
  382.24	      161	      187	       58	       61	       54	      125	      152	      162	       79	      211	      231	       74	      199	      198	       98	      171	      132	      165	      205	      235	       62	
  384.24	      163	      185	       64	       62	       52	      142	      151	      162	       80	      210	      228	       75	      195	      198	       93	      179	      118	      216	      203	      233	       61	
  386.24	      161	      185	       61	       61	       53	      131	      150	      163	       76	      210	      228	       76	      194	      200	       89	      181	      117	      224	      203	      233	       61	
  388.24	      161	      184	       62	       60	       53	      132	      148	      163	       72	      208	      227	       74	      191	      201	       83	      177	      118	      212	      200	      233	       58	
  390.24	      162	      185	       62	       61	       53	      132	      149	      164	       72	      213	      226	       82	      194	      202	       86	      179	      121	      209	      204	      234	       61	
  392.24	      161	      187	       58	       60	       55	      123	      147	      166	       65	      210	      227	       76	      189	      205	       76	      173	      126	      184	      200	      236	       54	
  394.24	      161	      187	       58	       60	       55	      122	      147	      167	       65	      210	      226	       78	      189	      206	       75	      170	      129	      170	      199	      237	       53	
  396.24	      161	      187	       59	       60	       54	      123	      146	      167	       63	      212	      225	       81	      188	      207	       73	      168	      133	      159	      199	      237	       51	
  398.24	      161	      185	       60	       61	       53	      133	      148	      165	       69	      215	      222	       89	      192	      204	       81	      169	      133	      159	      202	      235	       58	
  400.24	      161	      184	       62	       60	       53	      131	      148	      165	       68	      216	      221	       91	      193	      204	       81	      167	      137	      148	      203	      236	       58	
  402.24	      162	      184	       64	       61	       53	      133	      148	      166	       66	      215	      220	       91	      191	      204	       79	      162	      140	      135	      201	      235	       56	
  404.24	      163	      184	       66	       60	       55	      121	      146	      168	       61	      215	      220	       91	      188	      206	       73	      158	      144	      119	      199	      237	       51	
  406.24	      166	      179	       77	       60	       52	      133	      147	      166	       66	      220	      215	      104	      193	      204	       82	      160	      144	      123	      204	      234	       61	
  408.24	      169	      174	       88	       60	       52	      131	      145	      166	       62	      220	      211	      108	      190	      203	       79	      155	      147	      110	      200	      233	       57	
  410.24	      176	      166	      112	       61	       53	      133	      147	      166	       65	      228	      205	      125	      194	      202	       88	      157	      149	      111	      205	      232	       64	
  412.24	      187	      152	      151	       61	       53	      131	      147	      166	       64	      238	      192	      152	      195	      200	       91	      155	      151	      105	      206	      230	       68	
  414.24	      217	      118	      305	       63	       53	      141	      149	      166	       68	      265	      157	      264	      197	      198	       96	      154	      152	      101	      208	      229	       72	
  416.24	      216	      120	      292	       61	       55	      123	      147	      168	       61	      273	      149	      303	      200	      196	      104	      153	      156	       93	      210	      227	       77	
  418.24	      214	      122	      280	       63	       53	      142	      149	      166	       68	      273	      150	      299	      208	      184	      128	      153	      155	       94	      215	      219	       92	
  420.24	      208	      128	      244	       61	       53	      132	      147	      166	       65	      268	      155	      273	      221	      165	      175	      151	      156	       89	      222	      209	      112	
  422.24	      203	      134	      215	       61	       52	      134	      147	      166	       65	      263	      160	      249	      239	      143	      258	      151	      157	       87	      240	      182	      171	
  424.24	      197	      141	      188	       61	       52	      134	      147	      166	       65	      259	      167	      223	      240	      142	      263	      151	      157	       87	      272	      146	      312	
  426.24	      191	      148	      164	       61	       52	      134	      147	      166	       65	      254	      174	      202	      237	      146	      242	      150	      158	       84	      269	      151	      289	
  428.24	      186	      156	      142	       61	       53	      134	      147	      166	       66	      247	      181	      182	      231	      152	      215	      148	      159	       79	      261	      158	      252	
  430.24	      183	      161	      130	       61	       53	      134	      147	      166	       65	      243	      187	      166	      226	      160	      191	      148	      158	       78	      254	      167	      218	
  432.24	      177	      166	      114	       60	       53	      131	      147	      166	       65	      238	      193	      152	      222	      167	      173	      149	      159	       80	      249	      176	      194	
  434.24	      174	      170	      104	       61	       53	      132	      147	      166	       65	      234	      198	      139	      216	      174	      154	      149	      160	       78	      243	      184	      171	
  436.24	      171	      174	       93	       61	       53	      132	      147	      166	       65	      230	      203	      128	      210	      179	      137	      146	      160	       73	      235	      192	      150	
  438.24	      171	      177	       88	       62	       53	      140	      147	      166	       65	      227	      207	      120	      206	      184	      125	      146	      160	       72	      230	      198	      135	
  440.24	      167	      180	       77	       61	       54	      124	      145	      167	       60	      222	      212	      109	      201	      190	      111	      144	      163	       64	      223	      206	      117	
  442.24	      165	      180	       74	       60	       53	      132	      147	      166	       64	      222	      214	      107	      202	      192	      111	      147	      161	       74	      223	      209	      114	
  444.24	      164	      184	       67	       61	       55	      123	      147	      168	       62	      220	      218	      100	      200	      197	      101	      148	      163	       71	      220	      215	      103	
  446.24	      163	      185	       64	       60	       54	      123	      145	      168	       59	      215	      221	       90	      194	      199	       91	      143	      163	       63	      213	      219	       90	
  448.24	      162	      185	       63	       61	       53	      133	      147	      166	       65	      215	      221	       89	      195	      199	       92	      145	      161	       70	      213	      219	       89	
  450.24	      162	      187	       59	       61	       54	      123	      145	      168	       60	      211	      225	       81	      192	      203	       82	      143	      164	       62	      209	      224	       78	
  452.24	      164	      186	       63	       62	       53	      139	      147	      166	       66	      212	      225	       81	      193	      202	       85	      145	      162	       69	      209	      225	       78	
  454.24	      160	      187	       58	       61	       53	      131	      147	      166	       65	      212	      226	       81	      194	      203	       85	      147	      162	       72	      210	      226	       77	
  456.24	      160	      187	       57	       61	       53	      133	      147	      165	       66	      211	      228	       76	      192	      204	       82	      147	      162	       72	      209	      227	       74	
  458.24	      160	      187	       57	       61	       53	      132	      147	      166	       65	      210	      229	       73	      193	      204	       81	      147	      162	       72	      207	      229	       70	
  460.24	      160	      190	       52	       60	       55	      123	      145	      168	       59	      205	      232	       65	      188	      207	       72	      143	      164	       61	      203	      231	       63	
  462.24	      159	      188	       55	       61	       52	      134	      147	      166	       64	      208	      231	       70	      192	      205	       80	      147	      162	       72	      206	      230	       68	
  464.24	      159	      190	       52	       60	       55	      123	      147	      168	       62	      208	      233	       66	      193	      206	       79	      147	      164	       68	      206	      233	       64	
  466.24	      159	      190	       51	       61	       55	      123	      146	      168	       60	      204	      234	       60	      189	      206	       74	      143	      164	       62	      201	      233	       58	
  468.24	      159	      191	       50	       60	       55	      122	      145	      168	       60	      204	      235	       60	      189	      206	       75	      143	      164	       61	      200	      234	       56	
  470.24	      158	      189	       52	       61	       53	      131	      147	      166	       66	      206	      233	       65	      194	      202	       86	      147	      162	       71	      204	      233	       62	
  472.24	      159	      188	       53	       61	       53	      133	      147	      165	       67	      204	      233	       62	      193	      201	       86	      144	      162	       66	      201	      233	       59	
  474.24	      160	      189	       55	       62	       53	      139	      148	      166	       67	      204	      234	       61	      195	      199	       91	      145	      162	       68	      201	      234	       58	
  476.24	      159	      189	       52	       60	       53	      131	      148	      165	       67	      204	      234	       62	      198	      197	      100	      147	      162	       71	      203	      235	       59	
  478.24	      159	      191	       50	       60	       55	      122	      145	      167	       61	      201	      237	       55	      198	      194	      104	      143	      164	       61	      199	      237	       52	
  480.24	      160	      189	       55	       62	       53	      138	      148	      165	       69	      203	      235	       59	      207	      182	      130	      144	      162	       67	      200	      235	       55	
  482.24	      158	      191	       49	       60	       55	      122	      146	      167	       62	      200	      237	       54	      220	      164	      175	      143	      164	       61	      197	      237	       50	
  484.24	      159	      190	       51	       61	       54	      124	      146	      167	       62	      201	      238	       53	      233	      150	      224	      143	      164	       61	      198	      238	       49	
  486.24	      161	      188	       57	       62	       53	      138	      148	      165	       68	      203	      236	       58	      235	      147	      238	      145	      162	       68	      199	      236	       53	
  488.24	      161	      187	       58	       62	       53	      139	      148	      165	       68	      202	      236	       56	      232	      152	      219	      145	      162	       67	      199	      236	       53	
  490.24	      162	      186	       61	       62	       53	      138	      149	      164	       71	      202	      235	       57	      227	      158	      198	      145	      161	       69	      199	      236	       53	
  492.24	      163	      186	       62	       62	       53	      140	      149	      165	       70	      202	      236	       57	      221	      165	      175	      145	      162	       68	      200	      236	       54	
  494.24	      161	      188	       57	       61	       55	      124	      149	      166	       68	      203	      237	       57	      217	      175	      153	      147	      164	       68	      202	      238	       55	
  496.24	      160	      186	       57	       61	       53	      132	      148	      164	       70	      202	      235	       57	      211	      179	      139	      144	      162	       67	      200	      236	       54	
  498.24	      162	      187	       60	       62	       53	      139	      149	      165	       71	      202	      235	       57	      206	      184	      126	      145	      162	       68	      199	      236	       54	
  500.24	      159	      189	       52	       61	       54	      125	      149	      166	       68	      203	      237	       56	      205	      191	      115	      147	      164	       68	      201	      237	       55	
  502.24	      159	      190	       52	       61	       54	      124	      147	      166	       66	      200	      237	       52	      198	      194	      103	      142	      164	       61	      197	      237	       50	
  504.24	      159	      188	       53	       61	       53	      131	      149	      164	       73	      203	      235	       58	      199	      195	      103	      147	      161	       72	      202	      235	       57	
  506.24	      159	      190	       51	       60	       55	      122	      148	      165	       67	      199	      238	       51	      194	      201	       88	      143	      164	       61	      198	      237	       51	
  508.24	      159	      188	       54	       61	       53	      132	      150	      162	       76	      202	      235	       58	      195	      201	       90	      146	      162	       71	      202	      235	       57	
  510.24	      159	      189	       52	       60	       55	      122	      148	      164	       70	      199	      237	       51	      190	      205	       78	      143	      163	       62	      197	      237	       51	
  512.24	      159	      189	       52	       60	       54	      123	      148	      164	       70	      199	      237	       53	      189	      206	       74	      143	      163	       62	      198	      237	       51	
  514.24	      162	      187	       59	       62	       53	      139	      151	      162	       78	      201	      235	       57	      190	      206	       76	      145	      162	       68	      200	      234	       56	
  516.24	      162	      186	       62	       62	       53	      139	      151	      162	       78	      201	      235	       57	      189	      207	       73	      145	      161	       69	      200	      234	       57	
  518.24	      162	      181	       67	       60	       51	      140	      150	      160	       81	      201	      233	       59	      188	      206	       74	      144	      160	       71	      201	      231	       61	
  520.24	      166	      183	       71	       62	       55	      129	      151	      164	       76	      201	      237	       54	      188	      211	       67	      145	      163	       65	      201	      234	       58	
  522.24	      165	      181	       73	       61	       55	      123	      150	      163	       74	      199	      237	       52	      185	      212	       61	      143	      163	       62	      200	      234	       57	
  524.24	      167	      177	       81	       61	       53	      132	      152	      161	       82	      202	      235	       58	      188	      210	       68	      147	      161	       73	      205	      230	       67	
  526.24	      167	      178	       79	       61	       55	      123	      151	      162	       78	      198	      237	       51	      184	      213	       59	      142	      163	       63	      202	      231	       61	
  528.24	      169	      176	       86	       62	       53	      139	      153	      160	       85	      201	      235	       56	      186	      211	       64	      145	      161	       70	      205	      228	       68	
  530.24	      166	      179	       78	       60	       55	      122	      151	      161	       80	      198	      237	       52	      184	      213	       59	      143	      162	       63	      203	      229	       65	
  532.24	      166	      178	       78	       61	       53	      132	      153	      159	       88	      202	      235	       57	      188	      210	       68	      147	      160	       73	      208	      226	       75	
  534.24	      166	      179	       77	       61	       53	      132	      153	      158	       89	      202	      234	       59	      188	      210	       68	      147	      160	       74	      209	      224	       79	
  536.24	      165	      181	       73	       60	       54	      123	      155	      158	       92	      202	      237	       56	      188	      212	       66	      147	      162	       71	      211	      223	       82	
  538.24	      165	      179	       76	       61	       53	      132	      156	      154	      101	      202	      234	       58	      189	      210	       69	      147	      160	       74	      215	      218	       94	
  540.24	      165	      179	       76	       61	       53	      132	      158	      152	      108	      202	      235	       57	      189	      210	       69	      147	      160	       74	      219	      212	      106	
  542.24	      168	      173	       90	       61	       53	      133	      162	      148	      120	      202	      235	       57	      189	      210	       69	      147	      160	       75	      226	      202	      125	
  544.24	      178	      162	      121	       61	       53	      131	      166	      142	      137	      202	      234	       58	      189	      210	       69	      147	      160	       75	      249	      169	      205	
  546.24	      206	      125	      249	       61	       53	      132	      171	      136	      158	      201	      234	       58	      189	      209	       71	      147	      159	       76	      268	      148	      298	
  548.24	      214	      118	      298	       61	       52	      134	      180	      125	      199	      202	      234	       58	      190	      208	       74	      147	      160	       76	      264	      153	      271	
  550.24	      211	      122	      273	       61	       53	      133	      186	      119	      227	      202	      235	       58	      191	      206	       78	      147	      160	       75	      258	      162	      236	
  552.24	      207	      130	      236	       61	       55	      123	      182	      123	      209	      198	      237	       52	      189	      206	       74	      143	      162	       64	      247	      173	      196	
  554.24	      202	      135	      210	       62	       53	      137	      181	      126	      199	      200	      235	       56	      194	      201	       87	      145	      160	       71	      242	      181	      175	
  556.24	      193	      144	      176	       61	       53	      131	      176	      131	      175	      201	      234	       57	      197	      198	       97	      147	      161	       73	      237	      189	      156	
  558.24	      186	      153	      148	       61	       53	      132	      172	      137	      157	      201	      235	       57	      200	      195	      104	      147	      160	       73	      231	      197	      138	
  560.24	      180	      160	      127	       60	       53	      128	      165	      142	      136	      198	      235	       53	      201	      188	      113	      143	      160	       66	      222	      204	      119	
  562.24	      176	      168	      109	       61	       55	      123	      162	      148	      120	      198	      237	       50	      214	      172	      154	      142	      163	       62	      217	      211	      105	
  564.24	      172	      171	       99	       61	       53	      132	      161	      149	      116	      201	      235	       56	      234	      149	      229	      146	      161	       72	      218	      213	      103	
  566.24	      169	      175	       88	       61	       53	      133	      158	      152	      107	      201	      236	       55	      235	      149	      232	      146	      160	       72	      215	      217	       95	
  568.24	      166	      178	       79	       60	       53	      131	      156	      155	       99	      201	      235	       56	      233	      152	      218	      146	      160	       73	      212	      220	       87	
  570.24	      166	      182	       72	       63	       54	      133	      157	      159	       94	      202	      237	       56	      230	      161	      196	      149	      162	       74	      212	      225	       82	
  572.24	      162	      182	       67	       61	       53	      132	      153	      159	       88	      201	      235	       56	      222	      166	      176	      147	      160	       75	      208	      226	       75	
  574.24	      161	      184	       63	       61	       53	      131	      152	      161	       82	      199	      235	       55	      215	      173	      155	      145	      160	       70	      205	      227	       70	
  576.24	      160	      187	       57	       60	       55	      122	      149	      164	       72	      197	      237	       49	      209	      181	      134	      143	      162	       64	      201	      231	       61	
  578.24	      160	      188	       56	       61	       55	      123	      150	      165	       72	      201	      237	       54	      209	      186	      127	      146	      162	       71	      204	      233	       63	
  580.24	      159	      188	       54	       61	       55	      122	      147	      166	       66	      197	      237	       50	      202	      190	      112	      142	      161	       64	      199	      234	       55	
  582.24	      161	      187	       58	       62	       53	      139	      149	      164	       72	      199	      235	       54	      201	      191	      110	      145	      160	       71	      200	      233	       58	
  584.24	      158	      187	       54	       61	       53	      132	      148	      165	       68	      200	      235	       55	      200	      195	      104	      147	      160	       74	      202	      233	       59	
  586.24	      160	      188	       56	       62	       53	      139	      148	      166	       67	      199	      235	       54	      196	      198	       96	      144	      159	       71	      199	      234	       55	
  588.24	      157	      187	       53	       61	       53	      131	      147	      166	       64	      200	      235	       55	      196	      200	       92	      146	      160	       74	      201	      235	       56	
  590.24	      160	      190	       52	       62	       55	      129	      147	      169	       61	      198	      238	       51	      193	      204	       82	      144	      162	       67	      198	      237	       51	
  592.24	      158	      188	       52	       61	       53	      132	      145	      167	       60	      196	      235	       51	      190	      204	       78	      142	      160	       65	      196	      236	       50	
  594.24	      157	      188	       50	       61	       53	      132	      146	      167	       62	      200	      235	       55	      192	      205	       80	      146	      160	       74	      199	      236	       54	
  596.24	      157	      189	       50	       61	       53	      132	      146	      168	       61	      200	      235	       55	      191	      206	       78	      146	      160	       74	      199	      236	       53	
  598.24	      156	      189	       49	       61	       53	      131	      146	      168	       61	      200	      235	       55	      191	      207	       75	      146	      160	       73	      199	      236	       53	
  600.24	      156	      189	       49	       61	       53	      132	      144	      168	       58	      196	      236	       50	      186	      208	       68	      142	      159	       68	      195	      236	       48	
  602.24	      156	      189	       48	       61	       53	      132	      146	      168	       61	      198	      236	       52	      187	      210	       67	      144	      159	       71	      197	      236	       51	
  604.24	      156	      190	       48	       61	       53	      132	      144	      168	       57	      196	      236	       49	      185	      210	       64	      143	      159	       68	      195	      236	       48	
  606.24	      156	      192	       45	       61	       55	      122	      144	      170	       54	      196	      238	       47	      184	      213	       59	      143	      161	       66	      195	      238	       46	
  608.24	      156	      191	       45	       61	       55	      122	      144	      170	       54	      196	      238	       47	      184	      214	       58	      143	      160	       67	      196	      238	       47	
  610.24	      158	      190	       50	       62	       53	      138	      146	      168	       60	      198	      236	       52	      186	      212	       63	      145	      159	       73	      197	      236	       51	
  612.24	      156	      189	       48	       61	       53	      132	      145	      168	       60	      199	      236	       54	      187	      213	       63	      146	      159	       75	      199	      236	       53	
  614.24	      156	      191	       45	       61	       55	      123	      144	      170	       54	      196	      238	       47	      183	      215	       55	      142	      161	       65	      195	      238	       46	
  616.24	      156	      189	       47	       61	       53	      133	      145	      168	       58	      199	      236	       53	      186	      213	       61	      146	      159	       75	      199	      237	       52	
  618.24	      156	      189	       47	       61	       53	      130	      145	      168	       59	      199	      236	       54	      185	      214	       59	      146	      159	       74	      198	      236	       52	
  620.24	      156	      189	       48	       61	       53	      132	      145	      169	       58	      199	      236	       53	      185	      215	       58	      146	      159	       75	      199	      237	       52	
  622.24	      156	      189	       48	       61	       53	      132	      145	      169	       58	      199	      236	       53	      185	      215	       59	      146	      159	       74	      198	      237	       51	
  624.24	      156	      190	       47	       61	       53	      132	      145	      169	       58	      198	      236	       52	      183	      215	       56	      143	      159	       69	      196	      237	       48	
  626.24	      158	      191	       48	       62	       55	      129	      145	      171	       55	      198	      238	       50	      183	      217	       53	      144	      162	       66	      196	      239	       46	
  628.24	      156	      189	       47	       61	       53	      131	      145	      169	       58	      199	      236	       53	      185	      215	       58	      146	      160	       72	      198	      237	       50	
  630.24	      158	      189	       50	       62	       53	      137	      145	      169	       57	      198	      235	       52	      183	      215	       56	      144	      159	       70	      196	      238	       47	
  632.24	      155	      189	       47	       61	       53	      132	      145	      168	       58	      198	      236	       51	      183	      215	       55	      143	      160	       69	      195	      238	       47	
  634.24	      156	      191	       45	       61	       55	      123	      143	      171	       52	      195	      238	       47	      181	      218	       50	      141	      162	       62	      193	      240	       42	
  636.24	      158	      189	       51	       62	       53	      139	      145	      169	       57	      197	      236	       51	      183	      215	       55	      143	      160	       69	      196	      237	       48	
  638.24	      156	      189	       48	       61	       53	      133	      145	      169	       57	      198	      236	       52	      185	      215	       57	      145	      159	       73	      197	      237	       50	
  640.24	      158	      191	       49	       62	       55	      129	      145	      171	       55	      197	      238	       49	      183	      217	       53	      144	      162	       65	      196	      240	       46	
  642.24	      155	      188	       48	       61	       53	      132	      144	      169	       56	      199	      235	       54	      185	      215	       58	      146	      159	       74	      197	      237	       50	
  644.24	      156	      190	       46	       61	       55	      123	      143	      171	       51	      195	      237	       47	      181	      217	       51	      142	      161	       63	      194	      238	       45	
  646.24	      158	      188	       51	       62	       53	      139	      145	      169	       58	      197	      235	       51	      183	      215	       55	      144	      159	       71	      197	      236	       50	
  648.24	      155	      188	       48	       61	       53	      132	      145	      169	       57	      199	      235	       53	      185	      214	       59	      145	      159	       74	      198	      236	       53	
  650.24	      156	      190	       46	       61	       55	      122	      145	      171	       54	      199	      236	       53	      185	      217	       56	      146	      160	       72	      199	      237	       52	
  652.24	      156	      188	       49	       61	       53	      132	      145	      169	       57	      199	      234	       55	      185	      214	       59	      146	      158	       75	      199	      235	       55	
  654.24	      156	      188	       49	       61	       53	      132	      144	      170	       55	      200	      234	       56	      186	      214	       60	      146	      159	       74	      200	      235	       55	
  656.24	      158	      187	       53	       62	       53	      137	      145	      169	       58	      198	      235	       53	      184	      214	       57	      144	      159	       71	      198	      234	       53	
  658.24	      156	      189	       48	       60	       55	      122	      145	      171	       55	      199	      236	       53	      186	      216	       59	      146	      160	       73	      200	      236	       54	
  660.24	      158	      187	       54	       62	       53	      139	      145	      169	       57	      197	      234	       53	      184	      213	       59	      144	      158	       73	      198	      234	       54	
  662.24	      156	      188	       49	       61	       55	      122	      143	      171	       51	      195	      236	       48	      183	      215	       55	      142	      160	       65	      196	      236	       50	
  664.24	      157	      187	       53	       61	       53	      131	      144	      169	       56	      199	      234	       55	      187	      212	       65	      146	      158	       76	      200	      233	       57	
  666.24	      157	      187	       53	       61	       53	      134	      144	      169	       56	      199	      234	       55	      187	      212	       65	      146	      158	       76	      200	      233	       57	
  668.24	      157	      186	       54	       61	       53	      133	      145	      169	       57	      199	      234	       56	      188	      211	       67	      146	      158	       77	      201	      233	       58	
  670.24	      158	      186	       54	       61	       53	      132	      143	      169	       54	      196	      234	       51	      185	      210	       64	      142	      157	       70	      197	      232	       54	
  672.24	      157	      188	       51	       61	       55	      123	      144	      171	       53	      199	      236	       54	      189	      212	       67	      146	      160	       73	      202	      234	       58	
  674.24	      157	      186	       54	       61	       53	      132	      144	      169	       56	      199	      234	       55	      190	      208	       73	      146	      158	       77	      202	      232	       61	
  676.24	      157	      186	       53	       61	       53	      132	      143	      169	       54	      196	      233	       52	      188	      207	       72	      142	      157	       71	      198	      230	       58	
  678.24	      157	      187	       52	       61	       55	      123	      143	      171	       51	      196	      236	       50	      189	      207	       73	      142	      159	       68	      199	      231	       58	
  680.24	      158	      188	       52	       63	       55	      132	      146	      171	       57	      201	      235	       57	      197	      205	       87	      148	      159	       79	      205	      231	       65	
  682.24	      157	      186	       52	       61	       53	      131	      143	      169	       54	      196	      233	       52	      194	      199	       91	      142	      157	       71	      200	      228	       62	
  684.24	      157	      188	       51	       61	       55	      123	      143	      171	       51	      196	      235	       51	      199	      194	      104	      143	      159	       69	      201	      229	       63	
  686.24	      157	      188	       51	       61	       55	      123	      143	      171	       51	      196	      235	       51	      210	      179	      137	      143	      159	       69	      201	      228	       65	
  688.24	      159	      186	       56	       62	       53	      137	      145	      169	       58	      198	      233	       55	      227	      157	      199	      145	      156	       77	      205	      224	       74	
  690.24	      157	      187	       52	       60	       55	      120	      143	      171	       52	      196	      235	       51	      229	      155	      207	      143	      159	       69	      204	      224	       73	
  692.24	      158	      184	       57	       61	       53	      133	      145	      169	       57	      200	      233	       57	      231	      156	      208	      147	      156	       82	      211	      219	       87	
  694.24	      160	      184	       60	       62	       53	      140	      145	      169	       58	      198	      233	       55	      226	      160	      191	      145	      156	       77	      213	      214	       96	
  696.24	      158	      184	       58	       61	       53	      131	      145	      169	       57	      200	      232	       58	      224	      165	      179	      147	      156	       81	      222	      205	      116	
  698.24	      158	      186	       55	       60	       55	      121	      144	      171	       52	      196	      234	       51	      216	      172	      155	      143	      158	       70	      234	      184	      160	
  700.24	      158	      185	       56	       61	       53	      132	      145	      168	       59	      199	      233	       57	      215	      176	      150	      147	      156	       81	      266	      149	      287	
  702.24	      157	      187	       52	       61	       55	      122	      143	      171	       51	      196	      235	       51	      209	      182	      132	      143	      158	       71	      258	      156	      255	
  704.24	      157	      186	       54	       61	       53	      131	      144	      169	       56	      196	      233	       53	      205	      184	      125	      143	      156	       75	      253	      161	      230	
  706.24	      156	      186	       52	       61	       53	      130	      145	      169	       57	      199	      233	       57	      207	      187	      123	      147	      156	       82	      249	      170	      203	
  708.24	      156	      188	       49	       61	       55	      122	      143	      171	       52	      196	      234	       51	      201	      192	      108	      143	      159	       69	      237	      182	      167	
  710.24	      156	      187	       51	       61	       53	      132	      145	      169	       57	      200	      232	       58	      202	      193	      109	      146	      157	       78	      235	      189	      153	
  712.24	      156	      189	       48	       60	       55	      121	      143	      171	       51	      196	      234	       52	      196	      197	       97	      142	      159	       67	      224	      199	      127	
  714.24	      156	      189	       47	       61	       55	      122	      143	      171	       52	      196	      234	       51	      194	      200	       90	      142	      159	       68	      219	      205	      114	
  716.24	      155	      190	       46	       61	       55	      121	      143	      171	       52	      196	      234	       51	      192	      202	       84	      142	      159	       67	      215	      211	      103	
  718.24	      155	      189	       46	       61	       55	      121	      144	      171	       52	      196	      234	       51	      191	      204	       79	      142	      159	       67	      211	      216	       92	
  720.24	      155	      188	       47	       61	       53	      132	      145	      168	       58	      200	      232	       58	      194	      203	       84	      146	      157	       77	      212	      218	       90	
  722.24	      155	      190	       45	       61	       55	      122	      143	      171	       52	      196	      234	       52	      189	      207	       73	      142	      159	       66	      205	      222	       76	
  724.24	      153	      186	       48	       59	       51	      135	      142	      166	       56	      198	      230	       58	      190	      205	       77	      144	      156	       76	      205	      221	       77	
  726.24	      154	      188	       46	       61	       53	      133	      145	      168	       57	      199	      231	       59	      191	      207	       76	      146	      157	       78	      206	      226	       73	
  728.24	      154	      186	       48	       61	       51	      142	      145	      167	       60	      198	      229	       59	      188	      206	       73	      144	      155	       78	      203	      226	       68	
  730.24	      154	      189	       46	       61	       53	      133	      144	      169	       57	      198	      231	       58	      187	      209	       68	      144	      156	       76	      200	      229	       62	
  732.24	      156	      189	       49	       62	       53	      137	      145	      169	       58	      198	      231	       57	      187	      211	       65	      144	      157	       74	      200	      231	       59	
  734.24	      154	      188	       47	       61	       53	      132	      145	      169	       56	      200	      232	       58	      188	      211	       66	      146	      156	       79	      201	      232	       60	
  736.24	      154	      190	       44	       61	       55	      124	      144	      171	       53	      199	      233	       56	      187	      214	       62	      146	      158	       76	      200	      235	       56	
  738.24	      154	      190	       44	       61	       55	      123	      143	      171	       51	      196	      233	       52	      183	      215	       56	      142	      158	       70	      196	      236	       49	
  740.24	      154	      188	       47	       61	       53	      131	      143	      169	       53	      196	      232	       53	      182	      213	       56	      142	      156	       73	      195	      234	       50	
  742.24	      156	      189	       49	       62	       53	      139	      145	      169	       57	      198	      231	       57	      184	      214	       57	      144	      156	       76	      196	      234	       52	
  744.24	      155	      188	       47	       61	       53	      131	      144	      169	       57	      199	      231	       58	      185	      214	       59	      146	      156	       80	      198	      234	       54	
  746.24	      155	      190	       45	       61	       55	      122	      144	      171	       54	      199	      233	       57	      185	      217	       56	      146	      158	       77	      198	      237	       51	
  748.24	      154	      188	       47	       61	       53	      132	      145	      169	       57	      200	      230	       60	      185	      215	       58	      146	      156	       80	      198	      236	       52	
  750.24	      154	      190	       44	       61	       55	      122	      143	      171	       51	      196	      233	       53	      181	      218	       50	      142	      158	       68	      194	      238	       45	
  752.24	      154	      189	       46	       61	       55	      124	      145	      171	       55	      199	      233	       56	      184	      218	       54	      146	      158	       76	      197	      237	       50	
  754.24	      155	      190	       45	       61	       55	      122	      144	      171	       53	      195	      234	       51	      180	      218	       48	      142	      158	       68	      193	      237	       45	
  756.24	      154	      187	       48	       61	       53	      132	      145	      169	       58	      197	      232	       55	      182	      216	       53	      144	      156	       75	      195	      236	       48	
  758.24	      154	      188	       47	       61	       53	      132	      145	      168	       58	      199	      232	       57	      184	      216	       56	      146	      156	       79	      197	      236	       51	
  760.24	      155	      188	       49	       61	       53	      132	      144	      169	       56	      198	      231	       57	      184	      215	       57	      146	      156	       80	      197	      236	       51	
  762.24	      154	      188	       47	       61	       53	      132	      145	      169	       58	      197	      231	       56	      183	      216	       54	      144	      156	       76	      195	      236	       48	
  764.24	      155	      187	       48	       61	       53	      132	      145	      169	       57	      199	      232	       57	      185	      215	       57	      146	      156	       79	      197	      236	       50	
  766.24	      155	      187	       48	       61	       53	      130	      143	      168	       56	      196	      232	       53	      181	      215	       52	      141	      156	       71	      193	      236	       45	
  768.24	      155	      189	       46	       61	       55	      122	      143	      170	       52	      195	      233	       51	      181	      217	       50	      142	      158	       69	      193	      238	       43	
  770.24	      155	      188	       48	       61	       53	      131	      144	      169	       56	      199	      231	       58	      185	      215	       59	      145	      156	       78	      197	      236	       51	
  772.24	      155	      188	       48	       61	       53	      131	      143	      168	       54	      195	      231	       53	      181	      215	       53	      141	      156	       71	      192	      236	       44	
  774.24	      156	      189	       49	       63	       55	      133	      146	      170	       58	      200	      233	       57	      187	      217	       59	      147	      158	       77	      199	      238	       51	
  776.24	      157	      187	       52	       62	       53	      136	      145	      169	       57	      197	      231	       56	      183	      214	       56	      143	      156	       74	      195	      236	       49	
  778.24	      155	      187	       48	       61	       53	      131	      144	      168	       57	      198	      231	       57	      185	      215	       58	      145	      156	       77	      197	      235	       51	
  780.24	      156	      185	       52	       61	       53	      130	      144	      168	       57	      198	      231	       57	      185	      214	       58	      145	      156	       77	      197	      236	       51	
  782.24	      158	      185	       57	       61	       55	      121	      143	      170	       52	      195	      233	       51	      181	      216	       52	      141	      158	       67	      193	      237	       44	
  784.24	      159	      183	       61	       61	       55	      122	      143	      170	       52	      194	      233	       50	      182	      216	       52	      141	      158	       67	      193	      237	       45	
  786.24	      160	      181	       65	       61	       53	      131	      144	      169	       57	      198	      232	       57	      185	      214	       59	      145	      156	       77	      197	      235	       51	
  788.24	      159	      183	       61	       61	       55	      122	      145	      171	       54	      198	      233	       55	      185	      215	       58	      145	      158	       74	      197	      238	       49	
  790.24	      160	      183	       62	       61	       55	      122	      143	      171	       51	      194	      233	       50	      182	      215	       53	      141	      158	       67	      193	      237	       44	
  792.24	      159	      181	       63	       61	       53	      131	      142	      169	       54	      195	      232	       53	      182	      213	       57	      140	      156	       69	      193	      236	       46	
  794.24	      158	      182	       60	       61	       53	      132	      144	      168	       56	      198	      231	       57	      187	      212	       65	      145	      156	       77	      196	      236	       50	
  796.24	      158	      183	       59	       60	       53	      130	      142	      168	       54	      194	      231	       52	      183	      211	       60	      141	      156	       70	      193	      235	       46	
  798.24	      158	      183	       58	       61	       53	      132	      144	      168	       57	      198	      230	       59	      187	      211	       66	      145	      156	       76	      197	      235	       51	
  800.24	      158	      183	       58	       61	       53	      133	      144	      168	       57	      198	      230	       58	      188	      210	       68	      144	      156	       75	      197	      235	       51	
  802.24	      158	      185	       56	       61	       55	      124	      145	      170	       55	      198	      232	       56	      189	      211	       68	      145	      159	       72	      196	      237	       49	
  804.24	      157	      186	       53	       61	       55	      124	      142	      171	       50	      195	      233	       52	      186	      210	       65	      140	      159	       65	      192	      237	       44	
  806.24	      157	      184	       57	       61	       53	      132	      144	      169	       57	      198	      231	       57	      191	      207	       75	      144	      157	       75	      196	      236	       50	
  808.24	      157	      184	       55	       61	       53	      133	      144	      168	       57	      197	      231	       57	      190	      205	       77	      142	      157	       72	      195	      236	       48	
  810.24	      158	      185	       57	       63	       53	      139	      145	      169	       58	      197	      230	       56	      192	      203	       83	      142	      156	       73	      195	      236	       48	
  812.24	      156	      185	       54	       61	       53	      131	      143	      168	       54	      195	      230	       53	      193	      199	       89	      140	      156	       69	      192	      235	       46	
  814.24	      156	      186	       52	       61	       55	      123	      143	      170	       52	      194	      232	       51	      197	      196	      100	      140	      158	       66	      193	      237	       44	
  816.24	      156	      185	       52	       61	       53	      133	      144	      169	       57	      197	      231	       56	      206	      186	      124	      144	      156	       76	      196	      236	       50	
  818.24	      155	      185	       52	       61	       53	      130	      142	      168	       55	      194	      230	       53	      212	      174	      148	      140	      156	       69	      192	      236	       45	
  820.24	      155	      187	       49	       61	       55	      122	      143	      170	       52	      195	      232	       51	      220	      165	      174	      140	      159	       64	      192	      238	       43	
  822.24	      155	      186	       50	       61	       53	      131	      142	      168	       54	      194	      231	       53	      223	      161	      186	      140	      156	       68	      192	      236	       44	
  824.24	      155	      185	       52	       61	       53	      131	      144	      168	       57	      198	      230	       57	      226	      162	      187	      144	      156	       76	      196	      236	       49	
  826.24	      155	      185	       51	       61	       53	      131	      144	      168	       57	      197	      230	       57	      223	      165	      178	      144	      156	       76	      196	      236	       49	
  828.24	      155	      185	       52	       61	       53	      132	      144	      168	       57	      198	      230	       58	      221	      168	      170	      144	      156	       76	      196	      236	       49	
  830.24	      156	      186	       52	       61	       54	      126	      143	      169	       54	      194	      232	       50	      215	      173	      154	      141	      158	       66	      192	      238	       43	
  832.24	      156	      184	       55	       61	       53	      133	      144	      168	       57	      198	      230	       57	      216	      174	      154	      144	      156	       77	      196	      236	       50	
  834.24	      157	      185	       54	       61	       55	      123	      143	      170	       52	      193	      232	       51	      210	      179	      138	      141	      158	       67	      192	      237	       43	
  836.24	      156	      182	       57	       59	       53	      124	      142	      168	       54	      195	      230	       55	      209	      179	      136	      142	      156	       73	      194	      235	       48	
  838.24	      159	      180	       65	       61	       53	      132	      144	      168	       56	      197	      230	       57	      210	      182	      133	      144	      156	       77	      196	      235	       51	
  840.24	      160	      179	       67	       61	       53	      131	      144	      168	       57	      197	      229	       58	      209	      183	      129	      145	      155	       79	      197	      234	       52	
  842.24	      160	      180	       67	       61	       55	      122	      143	      170	       52	      194	      231	       51	      203	      188	      117	      141	      157	       69	      193	      236	       45	
  844.24	      161	      177	       72	       61	       53	      134	      144	      168	       58	      197	      230	       57	      205	      188	      118	      145	      155	       79	      197	      234	       52	
  846.24	      161	      178	       71	       61	       53	      132	      144	      167	       59	      197	      230	       57	      203	      190	      114	      145	      154	       81	      197	      234	       54	
  848.24	      161	      178	       70	       61	       53	      132	      144	      167	       59	      197	      230	       57	      202	      192	      110	      145	      154	       81	      197	      233	       54	
