Experiment_Code:		127
HEADER_INFORMATION
Dual_Wavelength_Imaging_With_Two_Object_Classes
Object_by_Object_Ratioing
Threshold=0
Red_Objects=	6	Green_Objects=	0
Reserved
Ion:				Ca++
Wavelength_A:			340
Wavelength_B:			380
A_Exposure_Time:		120
B_Exposure_Time:		30
Minimum_Ion_[nMol]:		0.000000
Maximum_Ion_[nMol]:		602.000000
Calibration_Filename:		dw120404#1.CAL
Calibration_A_Exposure_Time:	120.000000
Calibration_B_Exposure_Time:	30.000000
No._of_Calib._Table_Entries:	5
Ca++	Ratio
  0.00	0.572811
 38.00	0.789131
100.00	1.005634
225.00	1.552722
602.00	2.884055
Image_Width:			696
Image_Height:			512
Number_of_Time_Points:		174
Number_of_Objects:		6
Event_Times			0
Horizontal_Binning=2
Vertical_Binning=2
Reserved
DATA_AFTER_THIS_LINE
Time[seconds]	  340[01]	  380[01]	 Ca++[01]	  340[02]	  380[02]	 Ca++[02]	  340[03]	  380[03]	 Ca++[03]	  340[04]	  380[04]	 Ca++[04]	  340[05]	  380[05]	 Ca++[05]	  340[06]	  380[06]	 Ca++[06]	
    0.23	      212	      248	       57	       90	       89	      101	      185	      213	       60	      266	      283	       81	      200	      138	      201	      193	      196	       93	
    2.28	      214	      246	       61	       92	       87	      111	      187	      212	       64	      268	      281	       85	      202	      136	      209	      194	      194	       98	
    4.33	      214	      247	       60	       92	       87	      110	      187	      211	       65	      268	      280	       86	      202	      136	      208	      195	      194	       98	
    6.37	      214	      245	       62	       92	       85	      117	      187	      210	       67	      269	      279	       88	      201	      134	      211	      194	      193	      100	
    8.42	      214	      245	       62	       92	       85	      117	      187	      210	       67	      269	      279	       88	      201	      134	      212	      195	      193	      100	
   10.47	      212	      247	       58	       89	       87	      105	      185	      213	       61	      267	      281	       84	      199	      137	      202	      193	      195	       95	
   12.52	      213	      245	       60	       90	       85	      111	      185	      211	       63	      267	      280	       84	      199	      135	      206	      193	      193	       98	
   14.52	      213	      246	       59	       90	       87	      106	      186	      212	       62	      268	      282	       84	      199	      137	      201	      193	      195	       95	
   16.56	      215	      246	       61	       92	       87	      113	      187	      213	       64	      270	      282	       86	      201	      137	      204	      194	      195	       97	
   18.61	      215	      247	       61	       92	       87	      110	      187	      212	       64	      269	      283	       84	      200	      137	      204	      194	      194	       97	
   20.66	      215	      247	       61	       92	       87	      111	      187	      213	       64	      269	      283	       84	      201	      137	      204	      194	      194	       97	
   22.70	      215	      247	       60	       92	       87	      112	      187	      213	       63	      270	      283	       84	      200	      137	      204	      194	      194	       97	
   24.75	      215	      245	       63	       92	       85	      117	      188	      211	       66	      269	      281	       86	      201	      135	      208	      194	      193	       99	
   26.75	      215	      246	       62	       92	       86	      112	      188	      212	       65	      269	      283	       83	      200	      137	      202	      193	      194	       97	
   28.80	      215	      246	       61	       91	       87	      110	      187	      213	       63	      269	      283	       83	      200	      138	      201	      193	      194	       97	
   30.84	      215	      247	       61	       92	       86	      112	      188	      213	       64	      269	      284	       83	      200	      138	      201	      193	      194	       97	
   32.89	      213	      245	       61	       89	       85	      111	      186	      211	       63	      267	      282	       83	      199	      136	      203	      192	      192	       97	
   34.94	      215	      247	       61	       92	       87	      111	      187	      213	       64	      269	      284	       83	      200	      138	      200	      193	      194	       97	
   36.98	      215	      244	       64	       92	       84	      118	      188	      211	       66	      268	      282	       84	      201	      137	      205	      193	      192	       99	
   38.98	      213	      246	       59	       89	       86	      106	      186	      213	       61	      266	      284	       80	      198	      138	      196	      191	      194	       94	
   41.03	      215	      244	       64	       92	       84	      118	      188	      211	       67	      268	      282	       84	      200	      137	      203	      194	      192	       99	
   43.08	      213	      244	       62	       89	       85	      111	      186	      211	       64	      266	      283	       81	      198	      137	      199	      191	      192	       96	
   45.12	      215	      245	       63	       92	       84	      119	      188	      211	       66	      268	      283	       83	      200	      137	      202	      194	      193	       99	
   47.17	      215	      245	       63	       92	       84	      118	      188	      211	       67	      268	      283	       83	      199	      138	      200	      194	      192	      100	
   49.22	      215	      245	       63	       91	       84	      117	      188	      212	       65	      269	      282	       84	      199	      138	      200	      193	      193	       99	
   51.27	      213	      247	       58	       89	       87	      105	      186	      213	       61	      267	      285	       80	      197	      140	      190	      192	      195	       93	
   53.27	      216	      245	       63	       92	       84	      118	      188	      211	       66	      269	      283	       84	      199	      139	      197	      194	      192	      100	
   55.31	      216	      245	       64	       92	       84	      118	      187	      211	       66	      268	      282	       84	      199	      138	      198	      194	      192	      100	
   57.36	      214	      245	       61	       89	       84	      110	      185	      211	       63	      266	      283	       81	      197	      139	      193	      192	      193	       97	
   59.36	      216	      247	       61	       92	       86	      112	      188	      213	       64	      268	      285	       81	      199	      141	      192	      194	      194	       97	
   61.41	      216	      246	       63	       91	       84	      117	      188	      211	       66	      268	      282	       84	      198	      138	      197	      193	      192	       99	
   63.41	      214	      245	       61	       89	       84	      111	      186	      211	       64	      266	      282	       82	      196	      139	      192	      192	      193	       97	
   65.45	      216	      245	       63	       91	       84	      117	      188	      211	       66	      268	      282	       83	      198	      139	      194	      194	      193	      100	
   67.50	      216	      245	       63	       91	       84	      117	      188	      211	       66	      268	      283	       83	      198	      139	      194	      194	      193	      100	
   69.50	      215	      245	       63	       91	       84	      118	      188	      211	       67	      268	      281	       85	      198	      139	      194	      194	      192	      100	
   71.55	      215	      247	       61	       91	       86	      112	      188	      213	       64	      268	      283	       83	      198	      141	      189	      194	      194	       98	
   73.59	      216	      246	       63	       91	       84	      117	      188	      211	       66	      269	      282	       84	      197	      140	      192	      194	      193	       99	
   75.64	      215	      246	       63	       91	       84	      118	      188	      211	       66	      268	      281	       85	      198	      140	      193	      194	      192	      100	
   77.69	      213	      246	       60	       89	       84	      112	      186	      212	       64	      267	      281	       83	      195	      140	      188	      192	      192	       98	
   79.73	      215	      246	       63	       91	       84	      118	      189	      212	       66	      269	      282	       84	      198	      140	      192	      194	      193	      100	
   81.78	      215	      246	       62	       91	       84	      117	      189	      212	       66	      269	      282	       85	      197	      140	      191	      194	      192	      101	
   83.83	      215	      246	       62	       91	       84	      117	      188	      212	       65	      268	      282	       84	      196	      140	      189	      194	      192	      100	
   85.87	      213	      246	       60	       89	       84	      112	      187	      212	       64	      267	      282	       83	      194	      140	      187	      192	      192	       97	
   87.87	      215	      249	       59	       91	       88	      106	      189	      216	       62	      269	      285	       81	      196	      144	      180	      194	      196	       95	
   89.92	      215	      246	       63	       91	       84	      117	      189	      212	       67	      269	      281	       86	      197	      141	      189	      194	      193	      100	
   91.97	      215	      248	       59	       91	       86	      111	      189	      214	       64	      269	      283	       83	      196	      142	      185	      194	      194	       97	
   94.02	      215	      246	       62	       91	       84	      118	      189	      212	       66	      269	      281	       85	      195	      140	      187	      194	      193	      100	
   96.02	      213	      247	       58	       89	       86	      106	      187	      213	       62	      267	      283	       82	      194	      142	      180	      192	      194	       95	
   98.06	      213	      247	       59	       88	       86	      104	      187	      214	       62	      267	      282	       82	      194	      143	      180	      192	      194	       95	
  100.11	      213	      245	       61	       89	       84	      111	      187	      212	       64	      268	      282	       84	      194	      141	      183	      192	      193	       97	
  102.16	      215	      245	       63	       91	       84	      118	      188	      212	       66	      270	      282	       85	      195	      141	      185	      193	      192	      100	
  104.20	      215	      245	       63	       91	       84	      117	      188	      212	       66	      270	      281	       86	      195	      141	      185	      194	      193	       99	
  106.25	      215	      245	       62	       91	       84	      118	      189	      212	       67	      269	      282	       85	      195	      141	      184	      194	      193	      100	
  108.30	      215	      245	       63	       91	       84	      118	      188	      212	       66	      269	      281	       86	      195	      142	      184	      193	      192	       99	
  110.34	      213	      245	       61	       89	       83	      113	      187	      212	       64	      267	      281	       84	      192	      141	      180	      192	      193	       96	
  112.39	      213	      247	       59	       89	       86	      107	      186	      214	       62	      267	      283	       82	      192	      143	      175	      191	      194	       94	
  114.44	      215	      244	       64	       91	       84	      117	      188	      212	       66	      270	      281	       87	      194	      142	      182	      193	      192	       99	
  116.48	      215	      247	       61	       91	       86	      112	      189	      214	       64	      270	      283	       85	      193	      144	      177	      193	      194	       95	
  118.53	      215	      244	       64	       91	       83	      118	      188	      212	       66	      271	      281	       88	      194	      142	      181	      193	      192	       99	
  120.58	      215	      245	       63	       91	       84	      118	      189	      212	       66	      270	      281	       87	      193	      142	      178	      193	      192	       99	
  122.62	      213	      245	       61	       89	       84	      112	      186	      212	       64	      268	      282	       84	      191	      142	      177	      191	      193	       96	
  124.67	      214	      244	       63	       90	       84	      116	      188	      212	       65	      270	      281	       87	      193	      143	      178	      193	      193	       99	
  126.72	      215	      245	       63	       91	       86	      112	      189	      214	       65	      271	      283	       86	      194	      145	      175	      193	      194	       97	
  128.77	      216	      243	       66	       91	       83	      119	      189	      212	       67	      271	      280	       89	      194	      143	      179	      193	      192	      100	
  130.81	      216	      241	       68	       89	       83	      113	      188	      211	       66	      270	      279	       89	      192	      144	      174	      192	      192	       97	
  132.86	      228	      231	       94	       91	       86	      113	      190	      212	       69	      272	      279	       91	      193	      146	      171	      194	      194	       98	
  134.91	      234	      221	      112	       91	       83	      119	      192	      209	       74	      274	      276	       95	      193	      144	      176	      194	      192	      101	
  136.95	      243	      210	      134	       89	       83	      114	      191	      207	       75	      272	      275	       95	      191	      144	      172	      192	      191	       99	
  139.00	      258	      194	      174	       89	       83	      113	      193	      204	       83	      274	      273	       99	      190	      145	      169	      192	      192	       99	
  141.00	      257	      196	      170	       89	       83	      115	      199	      197	      102	      275	      272	      101	      190	      145	      170	      192	      191	       99	
  143.05	      257	      198	      166	       91	       83	      119	      236	      156	      215	      278	      270	      105	      192	      145	      172	      194	      191	      102	
  145.09	      253	      200	      159	       89	       84	      112	      238	      153	      225	      277	      269	      105	      190	      145	      169	      192	      191	      100	
  147.09	      255	      201	      160	       91	       85	      114	      235	      160	      205	      280	      269	      107	      191	      147	      167	      194	      193	       99	
  149.14	      274	      179	      219	       91	       85	      114	      230	      166	      186	      282	      267	      111	      191	      148	      165	      194	      192	      100	
  151.14	      275	      182	      216	       94	       85	      120	      226	      172	      170	      286	      265	      116	      192	      148	      166	      196	      192	      103	
  153.19	      269	      185	      201	       91	       83	      120	      219	      176	      153	      286	      261	      121	      190	      146	      167	      194	      191	      102	
  155.23	      265	      193	      183	       91	       86	      112	      215	      183	      137	      288	      260	      122	      190	      148	      163	      194	      193	      100	
  157.23	      259	      198	      169	       91	       85	      114	      211	      187	      128	      289	      258	      126	      190	      148	      163	      194	      192	      100	
  159.28	      255	      204	      155	       91	       85	      113	      208	      191	      119	      293	      254	      133	      190	      149	      161	      194	      193	      100	
  161.33	      251	      207	      146	       91	       83	      119	      205	      192	      114	      296	      248	      142	      189	      147	      165	      194	      191	      102	
  163.37	      247	      211	      137	       91	       83	      118	      204	      195	      109	      299	      243	      150	      189	      147	      163	      194	      192	      101	
  165.42	      242	      214	      127	       89	       83	      114	      199	      197	      101	      302	      238	      160	      186	      148	      158	      192	      191	       99	
  167.47	      241	      218	      122	       91	       83	      118	      200	      199	       99	      312	      229	      181	      188	      147	      162	      194	      191	      102	
  169.47	      240	      216	      123	       88	       83	      113	      196	      201	       92	      317	      219	      199	      186	      148	      156	      192	      191	       99	
  171.52	      238	      218	      120	       89	       83	      113	      195	      202	       87	      322	      212	      217	      186	      148	      157	      192	      191	       99	
  173.56	      238	      221	      116	       91	       83	      120	      195	      203	       86	      330	      204	      243	      188	      148	      160	      194	      191	      102	
  175.61	      233	      223	      108	       89	       83	      113	      193	      204	       82	      333	      200	      257	      186	      148	      156	      192	      191	       99	
  177.66	      232	      229	      101	       91	       85	      114	      194	      207	       80	      335	      199	      260	      187	      151	      154	      193	      193	       98	
  179.70	      228	      233	       92	       89	       86	      106	      191	      207	       76	      333	      201	      252	      185	      150	      151	      192	      194	       95	
  181.70	      225	      234	       86	       89	       86	      106	      191	      208	       74	      331	      204	      243	      185	      151	      150	      192	      194	       95	
  183.75	      225	      234	       87	       91	       84	      117	      192	      207	       77	      330	      205	      241	      186	      149	      155	      193	      192	      100	
  185.75	      224	      238	       80	       91	       85	      113	      192	      209	       74	      326	      212	      222	      187	      151	      152	      193	      194	       97	
  187.80	      220	      238	       77	       89	       83	      113	      190	      208	       73	      321	      214	      212	      184	      149	      152	      191	      193	       96	
  189.80	      221	      239	       76	       91	       83	      119	      192	      208	       76	      319	      218	      203	      187	      149	      155	      193	      192	       99	
  191.84	      218	      240	       72	       88	       83	      112	      189	      208	       71	      314	      222	      192	      184	      150	      151	      191	      192	       96	
  193.89	      219	      240	       73	       91	       83	      118	      191	      208	       74	      312	      228	      183	      186	      150	      154	      192	      192	       99	
  195.94	      217	      241	       69	       88	       83	      112	      189	      209	       71	      307	      232	      172	      184	      150	      151	      191	      193	       96	
  197.98	      219	      241	       71	       91	       83	      119	      191	      210	       73	      305	      236	      166	      185	      150	      151	      193	      193	       98	
  200.03	      219	      243	       69	       91	       86	      112	      190	      211	       70	      302	      242	      155	      186	      152	      148	      193	      194	       96	
  202.03	      218	      242	       70	       91	       83	      119	      191	      210	       72	      299	      243	      151	      186	      151	      151	      193	      193	       98	
  204.08	      218	      242	       69	       91	       83	      119	      190	      209	       72	      296	      246	      144	      185	      150	      152	      193	      193	       98	
  206.12	      216	      244	       65	       89	       86	      107	      188	      212	       66	      292	      252	      134	      183	      153	      143	      191	      195	       92	
  208.17	      216	      242	       67	       89	       83	      113	      188	      209	       69	      289	      252	      131	      183	      151	      146	      191	      193	       94	
  210.22	      218	      243	       69	       91	       84	      118	      190	      210	       71	      290	      256	      128	      186	      152	      149	      194	      194	       98	
  212.27	      218	      242	       69	       90	       83	      117	      190	      210	       71	      288	      259	      124	      185	      152	      148	      193	      194	       96	
  214.31	      216	      242	       67	       88	       83	      112	      189	      210	       69	      284	      260	      119	      183	      153	      144	      191	      194	       94	
  216.36	      218	      242	       70	       91	       83	      118	      190	      210	       71	      283	      263	      116	      185	      153	      146	      193	      194	       96	
  218.41	      218	      244	       67	       90	       85	      112	      190	      212	       68	      282	      267	      112	      185	      155	      142	      193	      196	       94	
  220.45	      218	      240	       72	       88	       84	      111	      188	      210	       69	      279	      266	      109	      183	      153	      142	      191	      194	       93	
  222.50	      224	      235	       85	       88	       85	      107	      188	      211	       66	      278	      270	      105	      182	      156	      137	      191	      196	       91	
  224.55	      225	      233	       87	       91	       83	      118	      190	      210	       71	      278	      270	      105	      185	      154	      145	      193	      194	       97	
  226.59	      222	      235	       82	       88	       83	      111	      188	      209	       68	      275	      271	      102	      183	      154	      141	      191	      194	       94	
  228.64	      220	      237	       78	       88	       83	      113	      188	      209	       69	      275	      272	      100	      183	      154	      140	      191	      194	       94	
  230.69	      220	      238	       76	       90	       83	      117	      189	      210	       70	      275	      274	      100	      184	      154	      143	      194	      194	       97	
  232.73	      220	      239	       75	       91	       83	      120	      190	      209	       71	      275	      274	       99	      184	      154	      142	      193	      194	       97	
  234.78	      219	      240	       73	       91	       83	      119	      189	      210	       70	      274	      275	       96	      184	      154	      143	      193	      195	       96	
  236.78	      219	      241	       72	       91	       83	      119	      189	      210	       70	      274	      275	       96	      184	      155	      141	      193	      194	       96	
  238.83	      217	      241	       69	       88	       83	      112	      188	      210	       68	      270	      276	       92	      182	      155	      138	      192	      194	       94	
  240.87	      218	      241	       71	       90	       83	      117	      189	      210	       70	      272	      277	       93	      184	      155	      141	      193	      194	       97	
  242.87	      216	      244	       66	       88	       85	      107	      188	      212	       65	      270	      280	       87	      182	      157	      134	      192	      196	       91	
  244.92	      216	      244	       66	       88	       85	      107	      188	      211	       66	      269	      280	       87	      182	      157	      134	      192	      196	       92	
  246.97	      216	      241	       68	       89	       83	      113	      188	      209	       69	      269	      279	       87	      182	      155	      137	      192	      194	       95	
  249.02	      216	      243	       66	       88	       85	      105	      187	      212	       65	      269	      281	       85	      181	      158	      132	      192	      195	       93	
  251.06	      219	      241	       71	       91	       83	      119	      190	      210	       71	      270	      280	       88	      183	      156	      137	      194	      193	      100	
  253.06	      219	      243	       69	       91	       85	      113	      190	      211	       69	      269	      282	       84	      183	      158	      133	      194	      195	       97	
  255.11	      219	      241	       71	       90	       83	      118	      189	      209	       70	      269	      280	       86	      182	      157	      135	      194	      193	       99	
  257.16	      217	      242	       68	       88	       84	      111	      188	      209	       68	      267	      281	       84	      181	      157	      133	      192	      193	       98	
  259.20	      219	      241	       71	       91	       83	      119	      189	      209	       71	      268	      281	       85	      182	      157	      135	      194	      193	      100	
  261.25	      219	      240	       73	       91	       83	      118	      190	      210	       71	      268	      282	       84	      182	      157	      134	      194	      193	      100	
  263.30	      218	      241	       71	       88	       83	      113	      188	      209	       68	      266	      281	       83	      180	      157	      131	      192	      192	       98	
  265.34	      218	      242	       70	       88	       85	      106	      188	      211	       66	      267	      283	       81	      180	      159	      127	      192	      194	       95	
  267.39	      219	      239	       74	       88	       83	      114	      188	      210	       68	      266	      281	       82	      180	      158	      130	      192	      192	       98	
  269.44	      224	      232	       89	       88	       83	      113	      187	      210	       67	      266	      282	       82	      180	      158	      131	      193	      192	       99	
  271.48	      226	      230	       94	       88	       83	      112	      187	      210	       67	      266	      282	       81	      180	      157	      131	      192	      192	       98	
  273.53	      228	      230	       96	       91	       83	      119	      189	      210	       70	      268	      282	       83	      182	      158	      133	      195	      192	      101	
  275.53	      226	      233	       89	       88	       85	      107	      187	      211	       65	      266	      285	       79	      180	      160	      127	      192	      194	       96	
  277.58	      226	      233	       90	       91	       83	      120	      189	      209	       71	      267	      282	       83	      182	      158	      133	      194	      193	      100	
  279.62	      225	      234	       86	       90	       83	      118	      189	      210	       70	      267	      283	       82	      182	      158	      132	      194	      192	      101	
  281.67	      224	      236	       84	       90	       85	      113	      189	      212	       67	      268	      286	       80	      181	      160	      128	      194	      194	       97	
  283.72	      224	      237	       83	       91	       85	      112	      189	      212	       67	      267	      285	       81	      181	      161	      127	      194	      194	       97	
  285.77	      223	      234	       84	       88	       83	      113	      187	      210	       67	      266	      284	       80	      178	      159	      126	      192	      193	       97	
  287.77	      227	      234	       89	       91	       85	      115	      189	      211	       68	      267	      285	       81	      180	      161	      126	      194	      194	       98	
  289.81	      228	      230	       95	       91	       83	      119	      189	      209	       70	      267	      284	       81	      180	      159	      128	      194	      193	      100	
  291.86	      231	      225	      104	       88	       83	      113	      187	      209	       68	      266	      283	       80	      178	      159	      126	      192	      193	       98	
  293.91	      248	      204	      147	       89	       83	      115	      187	      209	       68	      266	      284	       80	      178	      159	      125	      192	      193	       96	
  295.95	      250	      205	      148	       88	       85	      107	      187	      211	       65	      265	      285	       78	      178	      161	      121	      192	      194	       94	
  298.00	      249	      209	      142	       90	       85	      113	      189	      211	       69	      267	      285	       80	      180	      162	      123	      194	      195	       97	
  300.00	      246	      212	      134	       91	       85	      114	      189	      211	       69	      267	      285	       80	      179	      162	      123	      194	      194	       98	
  302.05	      240	      214	      126	       89	       83	      114	      187	      209	       68	      265	      283	       80	      177	      161	      121	      192	      192	       97	
  304.09	      239	      219	      119	       90	       82	      119	      189	      209	       70	      267	      283	       82	      179	      160	      126	      193	      193	       99	
  306.14	      233	      223	      109	       88	       83	      113	      187	      209	       67	      266	      283	       80	      177	      161	      121	      192	      193	       96	
  308.19	      232	      226	      104	       90	       83	      119	      189	      209	       71	      267	      283	       82	      179	      160	      125	      193	      193	       99	
  310.23	      229	      229	       98	       91	       83	      119	      190	      209	       72	      267	      283	       82	      179	      160	      125	      193	      193	       99	
  312.23	      227	      233	       91	       90	       85	      113	      190	      211	       69	      268	      284	       81	      178	      162	      120	      193	      195	       96	
  314.28	      224	      236	       84	       88	       85	      108	      188	      211	       66	      266	      285	       79	      175	      162	      117	      191	      195	       93	
  316.33	      224	      235	       85	       91	       83	      120	      190	      209	       72	      268	      282	       83	      178	      160	      124	      193	      193	       98	
  318.37	      222	      236	       81	       88	       83	      114	      187	      209	       69	      266	      282	       82	      176	      161	      120	      191	      193	       95	
  320.42	      224	      236	       84	       90	       85	      113	      189	      210	       70	      268	      284	       82	      178	      163	      118	      193	      195	       95	
  322.47	      229	      228	      100	       90	       83	      120	      189	      209	       71	      268	      282	       84	      177	      161	      122	      193	      193	       98	
  324.52	      227	      228	       97	       88	       83	      113	      187	      209	       69	      266	      281	       83	      175	      161	      119	      191	      193	       95	
  326.56	      225	      230	       92	       88	       83	      113	      187	      209	       69	      267	      282	       83	      175	      161	      118	      191	      193	       95	
  328.61	      226	      233	       89	       90	       82	      120	      189	      208	       72	      268	      282	       84	      177	      161	      121	      193	      193	       97	
  330.66	      224	      237	       83	       90	       85	      112	      189	      210	       69	      269	      283	       83	      177	      162	      119	      193	      195	       95	
  332.70	      221	      236	       79	       88	       83	      113	      188	      209	       69	      267	      281	       84	      175	      161	      118	      191	      193	       95	
  334.75	      220	      237	       78	       88	       83	      112	      187	      209	       69	      267	      281	       83	      175	      161	      118	      191	      193	       95	
  336.75	      219	      237	       76	       88	       83	      113	      188	      209	       69	      268	      281	       84	      175	      161	      118	      191	      192	       96	
  338.80	      220	      237	       77	       88	       83	      113	      188	      208	       70	      267	      281	       84	      175	      161	      118	      191	      193	       96	
  340.84	      220	      236	       78	       88	       82	      114	      188	      208	       71	      267	      280	       84	      175	      161	      117	      191	      192	       96	
  342.84	      224	      234	       85	       90	       82	      120	      190	      208	       73	      269	      281	       86	      177	      161	      120	      193	      192	       99	
  344.89	      223	      234	       85	       88	       85	      107	      188	      210	       68	      267	      283	       82	      174	      163	      114	      191	      194	       93	
  346.94	      232	      224	      106	       91	       82	      121	      190	      208	       73	      269	      280	       87	      176	      161	      119	      193	      192	       99	
  348.98	      247	      206	      143	       89	       83	      114	      188	      207	       71	      267	      281	       84	      174	      161	      117	      192	      192	       97	
  351.03	      248	      208	      142	       90	       83	      120	      190	      207	       74	      270	      281	       87	      176	      162	      119	      193	      192	       99	
  353.08	      245	      212	      134	       90	       85	      113	      190	      209	       71	      269	      282	       85	      175	      164	      114	      193	      194	       97	
