Experiment_Code:		127
HEADER_INFORMATION
Dual_Wavelength_Imaging_With_Two_Object_Classes
Object_by_Object_Ratioing
Threshold=0
Red_Objects=	4	Green_Objects=	0
Reserved
Ion:				Ca++
Wavelength_A:			340
Wavelength_B:			380
A_Exposure_Time:		120
B_Exposure_Time:		30
Minimum_Ion_[nMol]:		0.000000
Maximum_Ion_[nMol]:		602.000000
Calibration_Filename:		dw120404#1.CAL
Calibration_A_Exposure_Time:	120.000000
Calibration_B_Exposure_Time:	30.000000
No._of_Calib._Table_Entries:	5
Ca++	Ratio
  0.00	0.572811
 38.00	0.789131
100.00	1.005634
225.00	1.552722
602.00	2.884055
Image_Width:			696
Image_Height:			512
Number_of_Time_Points:		301
Number_of_Objects:		4
Event_Times			0
Horizontal_Binning=2
Vertical_Binning=2
Reserved
DATA_AFTER_THIS_LINE
Time[seconds]	  340[01]	  380[01]	 Ca++[01]	  340[02]	  380[02]	 Ca++[02]	  340[03]	  380[03]	 Ca++[03]	  340[04]	  380[04]	 Ca++[04]	
    0.23	       80	       74	      118	      341	      474	       25	      208	      242	       57	      249	      525	        0	
    2.23	       79	       74	      115	      340	      474	       25	      208	      243	       57	      255	      536	        0	
    4.23	       80	       74	      116	      340	      474	       25	      208	      243	       57	      257	      541	        0	
    6.23	       79	       74	      115	      340	      475	       25	      209	      243	       57	      257	      544	        0	
    8.23	       80	       74	      114	      340	      474	       25	      208	      244	       56	      258	      545	        0	
   10.23	       79	       74	      112	      340	      474	       25	      208	      243	       56	      257	      546	        0	
   12.23	       78	       74	      109	      341	      474	       25	      210	      244	       59	      260	      545	        0	
   14.23	       79	       74	      115	      341	      474	       25	      208	      243	       57	      258	      545	        0	
   16.23	       80	       74	      115	      340	      474	       25	      208	      243	       57	      258	      544	        0	
   18.23	       79	       74	      113	      341	      474	       25	      208	      243	       56	      257	      542	        0	
   20.23	       79	       74	      113	      340	      473	       25	      208	      243	       57	      257	      541	        0	
   22.23	       80	       76	      109	      343	      475	       26	      212	      245	       59	      260	      543	        0	
   24.23	       79	       74	      116	      342	      473	       26	      210	      243	       59	      258	      538	        0	
   26.23	       80	       74	      117	      341	      473	       25	      208	      242	       58	      255	      535	        0	
   28.23	       79	       74	      113	      342	      474	       26	      212	      243	       61	      258	      533	        0	
   30.23	       80	       75	      113	      340	      473	       25	      209	      243	       57	      253	      530	        0	
   32.23	       79	       74	      115	      340	      474	       25	      208	      243	       57	      253	      530	        0	
   34.23	       80	       74	      115	      340	      472	       26	      208	      242	       58	      251	      528	        0	
   36.23	       79	       74	      115	      340	      473	       25	      208	      243	       57	      251	      526	        0	
   38.23	       77	       72	      115	      341	      471	       26	      210	      241	       62	      253	      523	        0	
   40.23	       80	       72	      121	      342	      471	       26	      210	      240	       62	      252	      521	        0	
   42.23	       80	       74	      114	      340	      473	       25	      208	      242	       57	      250	      520	        0	
   44.23	       80	       74	      115	      340	      473	       25	      208	      242	       57	      249	      517	        0	
   46.23	       80	       74	      118	      340	      472	       25	      208	      243	       57	      248	      516	        0	
   48.23	       80	       76	      109	      340	      474	       25	      209	      244	       56	      248	      516	        0	
   50.23	       80	       76	      109	      340	      475	       25	      208	      244	       56	      247	      514	        0	
   52.23	       80	       74	      115	      340	      473	       25	      208	      242	       57	      247	      510	        0	
   54.23	       80	       75	      114	      340	      473	       25	      208	      242	       57	      245	      507	        0	
   56.23	       80	       74	      115	      339	      472	       25	      208	      242	       57	      245	      508	        0	
   58.23	       79	       74	      115	      340	      473	       25	      208	      242	       58	      244	      506	        0	
   60.23	       77	       74	      108	      340	      473	       25	      210	      242	       60	      246	      504	        0	
   62.23	       78	       74	      111	      340	      472	       25	      211	      242	       61	      245	      502	        0	
   64.23	       80	       74	      116	      339	      472	       25	      208	      242	       58	      243	      500	        0	
   66.23	       78	       74	      108	      340	      473	       25	      210	      242	       60	      244	      498	        0	
   68.23	       80	       74	      115	      339	      472	       25	      208	      242	       58	      241	      496	        0	
   70.23	       80	       74	      115	      339	      472	       25	      208	      242	       58	      240	      494	        0	
   72.23	       80	       74	      117	      339	      471	       25	      208	      242	       58	      240	      493	        0	
   74.23	       80	       75	      112	      342	      472	       26	      212	      242	       63	      243	      491	        0	
   76.23	       80	       76	      111	      338	      474	       24	      209	      244	       57	      239	      492	        0	
   78.23	       79	       74	      115	      338	      471	       25	      208	      242	       57	      238	      487	        0	
   80.23	       80	       75	      114	      338	      471	       25	      208	      243	       57	      238	      486	        0	
   82.23	       80	       75	      113	      339	      472	       25	      208	      242	       57	      237	      482	        0	
   84.23	       78	       75	      107	      339	      471	       25	      210	      243	       59	      238	      482	        0	
   86.23	       80	       76	      109	      339	      473	       25	      207	      244	       55	      235	      482	        0	
   88.23	       79	       74	      114	      341	      471	       26	      209	      242	       59	      237	      479	        0	
   90.23	       79	       74	      116	      341	      471	       26	      212	      243	       61	      238	      476	        0	
   92.23	       79	       76	      108	      338	      473	       25	      208	      244	       55	      233	      477	        0	
   94.23	       80	       74	      115	      338	      471	       25	      208	      243	       57	      233	      473	        0	
   96.23	       79	       77	      106	      338	      473	       25	      208	      244	       55	      232	      473	        0	
   98.23	       80	       77	      108	      338	      473	       25	      208	      244	       56	      232	      472	        0	
  100.23	       80	       76	      109	      338	      473	       24	      208	      244	       55	      232	      471	        0	
  102.23	       79	       74	      115	      339	      471	       25	      207	      242	       56	      231	      466	        0	
  104.23	       80	       76	      109	      338	      473	       25	      208	      244	       55	      230	      468	        0	
  106.23	       79	       75	      112	      341	      470	       26	      211	      242	       61	      233	      463	        0	
  108.23	       80	       74	      114	      340	      471	       26	      211	      242	       61	      233	      461	        0	
  110.23	       79	       74	      114	      338	      471	       25	      208	      243	       56	      228	      460	        0	
  112.23	       79	       76	      107	      338	      473	       25	      208	      245	       55	      228	      460	        0	
  114.23	       79	       74	      114	      338	      471	       25	      208	      243	       57	      227	      457	        0	
  116.23	       80	       74	      115	      338	      471	       25	      207	      242	       57	      227	      453	        0	
  118.23	       80	       77	      108	      339	      473	       25	      208	      244	       56	      226	      455	        0	
  120.23	       80	       75	      115	      337	      471	       25	      208	      242	       57	      226	      451	        0	
  122.23	       79	       74	      112	      340	      470	       26	      212	      242	       62	      229	      449	        0	
  124.23	       80	       74	      115	      338	      470	       25	      208	      242	       58	      225	      447	        0	
  126.23	       78	       72	      115	      338	      468	       26	      210	      240	       62	      226	      444	        0	
  128.23	       80	       75	      114	      338	      470	       25	      208	      242	       57	      223	      444	        0	
  130.23	       80	       74	      114	      339	      470	       26	      207	      242	       57	      222	      443	        0	
  132.23	       79	       75	      113	      340	      470	       26	      211	      242	       62	      225	      441	        0	
  134.23	       78	       75	      107	      338	      469	       26	      210	      242	       60	      224	      440	        0	
  136.23	       79	       76	      108	      338	      471	       25	      207	      243	       56	      221	      441	        0	
  138.23	       80	       77	      108	      338	      472	       25	      208	      244	       56	      221	      440	        0	
  140.23	       78	       75	      108	      339	      470	       25	      210	      242	       60	      222	      437	        0	
  142.23	       77	       74	      108	      339	      469	       26	      210	      241	       61	      222	      435	        0	
  144.23	       80	       74	      116	      338	      469	       26	      208	      242	       58	      220	      432	        0	
  146.23	       80	       76	      107	      338	      470	       25	      207	      244	       55	      219	      434	        0	
  148.23	       80	       75	      113	      341	      468	       27	      212	      242	       62	      222	      430	        0	
  150.23	       79	       74	      114	      338	      467	       26	      208	      242	       57	      218	      429	        0	
  152.23	       79	       75	      113	      341	      468	       27	      212	      241	       63	      221	      427	        0	
  154.23	       80	       74	      115	      338	      468	       26	      208	      242	       57	      217	      426	        0	
  156.23	       77	       74	      108	      339	      468	       26	      210	      242	       60	      218	      425	        0	
  158.23	       80	       74	      116	      338	      468	       26	      208	      242	       58	      216	      422	        0	
  160.23	       79	       75	      112	      338	      468	       26	      208	      242	       58	      215	      423	        0	
  162.23	       80	       74	      115	      338	      468	       26	      208	      241	       58	      214	      420	        0	
  164.23	       80	       75	      114	      338	      468	       26	      207	      241	       58	      215	      418	        0	
  166.23	       80	       74	      117	      338	      469	       26	      207	      241	       58	      213	      418	        0	
  168.23	       79	       75	      112	      338	      467	       26	      207	      241	       58	      214	      415	        0	
  170.23	       79	       76	      107	      338	      469	       25	      207	      243	       55	      213	      417	        0	
  172.23	       80	       74	      116	      338	      467	       26	      207	      241	       58	      213	      414	        0	
  174.23	       80	       76	      109	      338	      469	       26	      207	      243	       55	      212	      414	        0	
  176.23	       80	       75	      113	      338	      467	       26	      207	      241	       57	      211	      411	        0	
  178.23	       80	       75	      114	      338	      467	       26	      207	      242	       57	      211	      409	        0	
  180.23	       80	       75	      114	      338	      468	       26	      207	      242	       57	      210	      407	        0	
  182.23	       79	       76	      108	      338	      469	       26	      207	      244	       55	      210	      407	        0	
  184.23	       80	       74	      114	      338	      467	       26	      207	      242	       57	      209	      404	        0	
  186.23	       81	       75	      116	      338	      467	       26	      207	      242	       56	      209	      403	        0	
  188.23	       80	       74	      117	      338	      467	       26	      207	      242	       57	      209	      402	        0	
  190.23	       80	       74	      115	      340	      467	       27	      209	      242	       59	      210	      401	        0	
  192.23	       80	       74	      116	      338	      467	       26	      207	      241	       57	      208	      400	        0	
  194.23	       80	       75	      112	      341	      467	       27	      211	      242	       61	      211	      398	        0	
  196.23	       80	       74	      116	      338	      467	       26	      207	      241	       57	      207	      397	        0	
  198.23	       80	       77	      108	      339	      469	       26	      207	      243	       55	      206	      399	        0	
  200.23	       79	       75	      112	      341	      466	       27	      211	      241	       62	      210	      395	        0	
  202.23	       80	       75	      115	      339	      467	       26	      207	      241	       57	      206	      393	        0	
  204.23	       80	       75	      115	      338	      467	       26	      207	      241	       58	      205	      392	        0	
  206.23	       80	       74	      115	      338	      466	       26	      207	      241	       57	      205	      390	        0	
  208.23	       80	       74	      116	      338	      467	       26	      206	      241	       57	      204	      391	        0	
  210.23	       80	       74	      115	      340	      467	       27	      211	      241	       62	      207	      388	        0	
  212.23	       79	       75	      112	      340	      466	       27	      209	      241	       60	      206	      387	        0	
  214.23	       79	       74	      114	      340	      466	       27	      209	      241	       60	      205	      385	        0	
  216.23	       80	       75	      115	      338	      466	       26	      207	      241	       58	      202	      386	        0	
  218.23	       80	       75	      114	      338	      466	       26	      207	      241	       58	      202	      384	        0	
  220.23	       80	       74	      115	      340	      467	       27	      209	      241	       60	      204	      382	        0	
  222.23	       80	       75	      114	      340	      466	       27	      211	      241	       62	      206	      381	        0	
  224.23	       78	       73	      115	      339	      464	       27	      209	      239	       61	      203	      379	        0	
  226.23	       80	       75	      115	      337	      465	       26	      207	      241	       57	      201	      379	        0	
  228.23	       80	       74	      115	      338	      465	       27	      207	      241	       57	      200	      378	        0	
  230.23	       78	       75	      109	      338	      465	       27	      209	      241	       60	      202	      376	        0	
  232.23	       80	       74	      115	      338	      465	       27	      206	      241	       57	      199	      376	        0	
  234.23	       80	       74	      115	      340	      465	       27	      209	      241	       60	      201	      374	        0	
  236.23	       80	       75	      115	      338	      466	       26	      207	      241	       57	      199	      374	        0	
  238.23	       80	       77	      108	      338	      466	       26	      207	      243	       55	      198	      375	        0	
  240.23	       79	       77	      104	      339	      468	       26	      209	      243	       57	      200	      374	        0	
  242.23	       80	       75	      116	      339	      465	       27	      207	      241	       57	      198	      371	        0	
  244.23	       80	       76	      109	      339	      466	       26	      207	      243	       56	      198	      371	        0	
  246.23	       80	       75	      115	      343	      458	       30	      206	      240	       57	      197	      368	        0	
  248.23	       80	       75	      113	      387	      393	       94	      211	      239	       65	      200	      366	        0	
  250.23	       80	       74	      115	      522	      234	      416	      209	      237	       64	      196	      365	        0	
  252.23	       80	       75	      114	      515	      245	      380	      217	      232	       80	      200	      364	        0	
  254.23	       80	       74	      115	      501	      261	      327	      230	      213	      117	      196	      363	        0	
  256.23	       80	       76	      109	      484	      285	      265	      241	      201	      144	      195	      366	        0	
  258.23	       79	       74	      111	      468	      304	      221	      248	      195	      161	      197	      361	        0	
  260.23	       80	       74	      114	      453	      322	      191	      267	      169	      232	      195	      360	        0	
  262.23	       80	       75	      113	      443	      334	      173	      273	      167	      248	      193	      359	        0	
  264.23	       80	       76	      108	      440	      339	      166	      270	      174	      224	      194	      361	        0	
  266.23	       80	       74	      116	      443	      333	      174	      266	      177	      212	      193	      357	        0	
  268.23	       80	       76	      110	      458	      314	      203	      260	      186	      190	      193	      359	        0	
  270.23	       80	       74	      116	      481	      284	      264	      254	      190	      176	      193	      355	        0	
  272.23	       80	       75	      113	      494	      269	      304	      248	      196	      158	      192	      354	        0	
  274.23	       80	       74	      115	      491	      273	      294	      242	      202	      143	      191	      353	        0	
  276.23	       80	       77	      107	      480	      290	      253	      236	      211	      126	      192	      355	        0	
  278.23	       80	       75	      113	      467	      304	      220	      232	      215	      116	      192	      351	        0	
  280.23	       80	       77	      107	      455	      321	      193	      227	      221	      104	      191	      353	        0	
  282.23	       78	       72	      116	      447	      328	      181	      226	      221	      102	      193	      347	        0	
  284.23	       80	       75	      112	      444	      335	      172	      222	      227	       92	      192	      349	        0	
  286.23	       80	       75	      115	      442	      334	      172	      219	      229	       84	      190	      348	        0	
  288.23	       80	       75	      113	      452	      324	      188	      220	      231	       85	      193	      347	        0	
  290.23	       80	       75	      114	      463	      306	      215	      215	      233	       76	      189	      345	        0	
  292.23	       80	       74	      116	      481	      286	      261	      214	      233	       75	      189	      343	        0	
  294.23	       80	       75	      115	      491	      274	      292	      214	      234	       73	      189	      343	        0	
  296.23	       80	       75	      113	      487	      278	      281	      213	      234	       72	      188	      343	        0	
  298.23	       80	       76	      110	      478	      292	      248	      213	      235	       71	      188	      344	        0	
  300.23	       80	       74	      114	      465	      306	      217	      214	      233	       75	      188	      340	        0	
  302.23	       81	       74	      118	      454	      320	      194	      217	      229	       82	      188	      340	        0	
  304.23	       78	       75	      109	      447	      329	      179	      225	      222	      101	      189	      339	        0	
  306.23	       80	       75	      113	      443	      332	      174	      224	      222	      101	      187	      338	        0	
  308.23	       80	       75	      116	      447	      327	      183	      224	      222	      100	      186	      337	        0	
  310.23	       80	       77	      108	      458	      314	      202	      222	      226	       92	      186	      338	        0	
  312.23	       78	       75	      108	      475	      292	      244	      221	      227	       91	      187	      335	        0	
  314.23	       80	       75	      113	      482	      282	      268	      217	      229	       84	      185	      334	        0	
  316.23	       78	       73	      115	      482	      282	      268	      218	      229	       84	      187	      331	        0	
  318.23	       80	       75	      113	      475	      292	      244	      214	      233	       74	      185	      332	        0	
  320.23	       80	       75	      113	      466	      304	      220	      212	      235	       71	      183	      332	        0	
  322.23	       80	       75	      113	      458	      314	      203	      211	      236	       68	      184	      330	        0	
  324.23	       78	       75	      108	      453	      321	      193	      213	      236	       70	      185	      330	        0	
  326.23	       80	       75	      113	      452	      322	      190	      211	      236	       68	      183	      329	        0	
  328.23	       79	       75	      111	      454	      319	      195	      211	      236	       67	      184	      328	        0	
  330.23	       80	       77	      106	      458	      314	      202	      211	      237	       66	      183	      329	        0	
  332.23	       81	       75	      115	      462	      308	      212	      211	      235	       69	      183	      326	        0	
  334.23	       79	       75	      113	      467	      304	      221	      214	      234	       74	      184	      325	        0	
  336.23	       80	       74	      114	      469	      298	      229	      213	      232	       75	      182	      324	        0	
  338.23	       80	       75	      114	      471	      295	      237	      219	      225	       90	      181	      323	        0	
  340.23	       80	       75	      115	      472	      295	      238	      226	      217	      107	      181	      322	        0	
  342.23	       80	       75	      114	      467	      301	      224	      226	      218	      108	      180	      322	        0	
  344.23	       80	       74	      115	      463	      310	      211	      228	      219	      108	      185	      320	        0	
  346.23	       80	       75	      113	      456	      319	      196	      227	      221	      105	      184	      319	        0	
  348.23	       80	       75	      114	      449	      325	      185	      221	      223	       95	      179	      320	        0	
  350.23	       80	       77	      109	      444	      331	      176	      219	      228	       87	      179	      320	        0	
  352.23	       80	       75	      112	      444	      330	      177	      217	      229	       83	      180	      318	        0	
  354.23	       80	       75	      112	      445	      328	      179	      215	      230	       79	      179	      317	        0	
  356.23	       80	       75	      114	      448	      324	      185	      213	      232	       75	      179	      317	        0	
  358.23	       80	       73	      119	      455	      316	      198	      214	      231	       76	      180	      314	        0	
  360.23	       80	       75	      113	      458	      313	      204	      211	      235	       70	      179	      313	        0	
  362.23	       80	       77	      108	      461	      311	      209	      211	      237	       67	      178	      317	        0	
  364.23	       80	       76	      111	      465	      306	      217	      214	      235	       72	      182	      313	        1	
  366.23	       81	       75	      115	      462	      308	      212	      211	      235	       69	      177	      312	        0	
  368.23	       80	       75	      113	      459	      311	      206	      211	      234	       69	      177	      311	        0	
  370.23	       79	       75	      112	      458	      316	      201	      215	      234	       75	      181	      310	        1	
  372.23	       80	       75	      115	      453	      319	      194	      212	      233	       73	      176	      310	        0	
  374.23	       80	       75	      113	      451	      320	      192	      215	      229	       80	      176	      309	        0	
  376.23	       80	       75	      114	      451	      321	      190	      222	      220	      101	      176	      308	        0	
  378.23	       80	       77	      108	      450	      325	      185	      224	      221	      101	      176	      311	        0	
  380.23	       80	       75	      114	      448	      326	      184	      224	      220	      103	      176	      306	        0	
  382.23	       80	       75	      112	      447	      326	      183	      223	      221	      101	      175	      305	        0	
  384.23	       80	       75	      114	      446	      326	      183	      221	      222	       97	      175	      305	        0	
  386.23	       80	       75	      111	      447	      326	      183	      220	      224	       92	      175	      304	        0	
  388.23	       80	       75	      115	      447	      325	      184	      218	      226	       88	      175	      304	        0	
  390.23	       80	       75	      113	      448	      324	      185	      216	      228	       83	      174	      303	        0	
  392.23	       80	       75	      113	      448	      324	      186	      214	      230	       78	      175	      303	        0	
  394.23	       80	       75	      114	      450	      324	      187	      216	      232	       79	      178	      301	        3	
  396.23	       80	       75	      114	      445	      327	      180	      212	      233	       73	      174	      301	        1	
  398.23	       81	       75	      116	      442	      330	      175	      212	      234	       71	      173	      300	        0	
  400.23	       80	       75	      114	      440	      334	      171	      211	      234	       70	      173	      299	        0	
  402.23	       80	       75	      113	      438	      335	      168	      211	      234	       70	      173	      298	        1	
  404.23	       81	       75	      115	      437	      337	      166	      211	      234	       70	      172	      298	        0	
  406.23	       81	       75	      115	      436	      339	      163	      211	      233	       70	      172	      296	        1	
  408.23	       81	       75	      114	      435	      341	      161	      212	      232	       73	      172	      296	        1	
  410.23	       78	       74	      110	      435	      341	      161	      214	      231	       77	      173	      294	        2	
  412.23	       80	       77	      107	      435	      341	      161	      215	      231	       78	      171	      298	        0	
  414.23	       78	       75	      107	      437	      338	      165	      221	      223	       95	      174	      294	        3	
  416.23	       80	       75	      114	      436	      338	      165	      235	      204	      133	      171	      294	        1	
  418.23	       79	       75	      110	      436	      339	      163	      246	      197	      155	      173	      293	        3	
  420.23	       81	       75	      116	      434	      341	      160	      247	      196	      158	      170	      293	        1	
  422.23	       78	       75	      109	      432	      343	      158	      246	      198	      154	      171	      291	        2	
  424.23	       80	       77	      107	      431	      347	      153	      243	      202	      145	      170	      293	        1	
  426.23	       78	       75	      108	      431	      345	      155	      242	      204	      140	      171	      290	        2	
  428.23	       78	       73	      114	      430	      344	      155	      237	      206	      133	      171	      288	        3	
  430.23	       79	       76	      107	      430	      347	      153	      233	      213	      119	      171	      289	        3	
  432.23	       80	       77	      107	      429	      348	      151	      226	      220	      105	      169	      290	        1	
  434.23	       80	       76	      111	      429	      346	      153	      222	      223	       97	      169	      287	        2	
  436.23	       80	       76	      112	      429	      346	      153	      219	      226	       89	      169	      286	        2	
  438.23	       81	       76	      113	      428	      347	      151	      216	      229	       81	      169	      287	        3	
  440.23	       78	       75	      107	      428	      348	      151	      216	      232	       78	      171	      285	        4	
  442.23	       81	       77	      110	      426	      352	      146	      212	      235	       70	      168	      287	        2	
  444.23	       78	       76	      107	      424	      352	      145	      213	      235	       71	      170	      284	        4	
  446.23	       80	       77	      107	      423	      356	      141	      210	      237	       66	      167	      286	        2	
  448.23	       78	       73	      114	      424	      353	      144	      212	      235	       70	      168	      281	        4	
  450.23	       80	       77	      108	      421	      357	      139	      209	      238	       63	      167	      285	        2	
  452.23	       78	       75	      107	      419	      356	      138	      207	      237	       62	      165	      281	        2	
  454.23	       80	       75	      112	      420	      358	      138	      209	      236	       65	      167	      281	        3	
  456.23	       80	       75	      112	      419	      358	      137	      209	      237	       65	      166	      280	        3	
  458.23	       80	       75	      114	      420	      358	      137	      209	      237	       64	      166	      280	        3	
  460.23	       81	       75	      114	      419	      359	      137	      208	      237	       62	      166	      280	        3	
  462.23	       81	       77	      108	      419	      362	      134	      208	      239	       61	      166	      280	        3	
  464.23	       81	       75	      114	      417	      361	      134	      208	      238	       63	      165	      277	        4	
  466.23	       81	       75	      116	      416	      362	      132	      208	      237	       62	      166	      278	        4	
  468.23	       80	       75	      114	      417	      365	      131	      212	      237	       67	      169	      277	        6	
  470.23	       79	       75	      108	      413	      367	      127	      209	      238	       64	      167	      275	        5	
  472.23	       81	       75	      116	      412	      369	      125	      207	      238	       61	      164	      276	        4	
  474.23	       81	       76	      114	      412	      369	      125	      208	      238	       62	      165	      275	        4	
  476.23	       80	       75	      112	      410	      370	      123	      207	      237	       62	      164	      275	        4	
  478.23	       80	       75	      115	      410	      371	      122	      208	      237	       63	      164	      274	        4	
  480.23	       80	       76	      112	      408	      373	      120	      208	      237	       63	      164	      273	        5	
  482.23	       80	       75	      114	      407	      375	      118	      208	      236	       64	      163	      273	        4	
  484.23	       80	       75	      113	      405	      376	      115	      209	      236	       64	      164	      272	        5	
  486.23	       81	       76	      113	      404	      378	      114	      209	      236	       64	      164	      271	        5	
  488.23	       80	       75	      114	      405	      378	      114	      209	      236	       66	      163	      270	        5	
  490.23	       80	       75	      113	      404	      378	      114	      209	      235	       66	      163	      271	        5	
  492.23	       79	       76	      108	      403	      378	      113	      211	      234	       70	      165	      270	        7	
  494.23	       80	       77	      110	      402	      379	      112	      211	      233	       70	      163	      270	        5	
  496.23	       78	       73	      114	      402	      378	      113	      213	      230	       77	      164	      267	        7	
  498.23	       80	       75	      113	      403	      380	      112	      218	      229	       84	      166	      267	        8	
  500.23	       80	       75	      113	      403	      380	      112	      225	      221	      103	      166	      267	        8	
  502.23	       81	       78	      106	      400	      383	      108	      223	      222	       99	      162	      269	        4	
  504.23	       80	       76	      113	      402	      382	      110	      226	      221	      103	      166	      266	        8	
  506.23	       81	       76	      113	      398	      383	      107	      221	      222	       96	      161	      265	        6	
  508.23	       80	       76	      113	      399	      383	      108	      219	      224	       92	      161	      265	        6	
  510.23	       80	       76	      111	      400	      384	      108	      219	      226	       89	      163	      265	        7	
  512.23	       81	       76	      113	      396	      386	      104	      215	      228	       82	      161	      264	        6	
  514.23	       80	       76	      112	      395	      386	      103	      213	      230	       77	      161	      264	        6	
  516.23	       80	       76	      112	      394	      389	      101	      212	      232	       74	      160	      263	        6	
  518.23	       80	       76	      110	      393	      391	       99	      211	      233	       70	      160	      262	        7	
  520.23	       81	       76	      113	      391	      391	       98	      210	      235	       67	      160	      262	        6	
  522.23	       81	       77	      108	      391	      394	       95	      209	      237	       64	      160	      264	        5	
  524.23	       79	       76	      108	      391	      393	       96	      210	      236	       67	      162	      260	        8	
  526.23	       81	       78	      105	      391	      397	       94	      211	      238	       66	      164	      263	        9	
  528.23	       81	       76	      113	      391	      395	       94	      212	      237	       68	      164	      259	       10	
  530.23	       81	       76	      113	      388	      396	       92	      208	      236	       63	      159	      259	        7	
  532.23	       79	       75	      110	      388	      396	       92	      210	      235	       67	      161	      258	        9	
  534.23	       81	       75	      114	      386	      398	       90	      209	      235	       67	      158	      257	        7	
  536.23	       81	       76	      112	      386	      398	       89	      210	      234	       68	      158	      257	        7	
  538.23	       79	       74	      114	      386	      397	       90	      212	      230	       75	      160	      255	       10	
  540.23	       80	       75	      113	      385	      399	       87	      213	      229	       79	      159	      256	        8	
  542.23	       79	       76	      108	      385	      399	       88	      224	      220	      103	      160	      255	        9	
  544.23	       80	       76	      111	      386	      400	       88	      224	      221	      102	      160	      255	        9	
  546.23	       81	       75	      114	      383	      401	       85	      221	      221	       98	      158	      255	        8	
  548.23	       81	       76	      112	      383	      401	       85	      219	      223	       93	      157	      254	        8	
  550.23	       80	       76	      112	      382	      402	       84	      217	      226	       87	      157	      253	        8	
  552.23	       81	       76	      113	      382	      402	       83	      215	      228	       82	      157	      253	        8	
  554.23	       81	       76	      113	      382	      403	       82	      213	      231	       76	      157	      253	        8	
  556.23	       78	       74	      111	      381	      403	       82	      212	      231	       74	      159	      251	       10	
  558.23	       81	       76	      113	      380	      404	       81	      210	      234	       68	      157	      251	        9	
  560.23	       79	       74	      113	      380	      403	       82	      211	      234	       70	      158	      250	       10	
  562.23	       80	       74	      118	      379	      404	       80	      208	      235	       65	      156	      249	        9	
  564.23	       79	       76	      108	      378	      407	       78	      209	      237	       65	      158	      250	       10	
  566.23	       80	       76	      112	      377	      408	       76	      207	      237	       61	      156	      250	        9	
  568.23	       81	       75	      114	      376	      408	       75	      206	      238	       60	      155	      249	        8	
  570.23	       80	       77	      106	      376	      410	       75	      206	      240	       58	      155	      251	        8	
  572.23	       80	       76	      112	      375	      410	       74	      206	      237	       60	      156	      248	        9	
  574.23	       81	       76	      113	      375	      411	       73	      206	      237	       61	      156	      248	        9	
  576.23	       80	       76	      112	      374	      412	       72	      206	      238	       60	      155	      247	        9	
  578.23	       81	       76	      113	      373	      412	       71	      206	      238	       60	      155	      247	        9	
  580.23	       81	       76	      112	      373	      412	       71	      206	      237	       61	      155	      247	        9	
  582.23	       81	       76	      113	      373	      412	       71	      206	      237	       61	      154	      246	        9	
  584.23	       79	       74	      114	      373	      412	       71	      208	      235	       65	      156	      244	       12	
  586.23	       81	       76	      112	      371	      414	       68	      206	      237	       61	      154	      245	       10	
  588.23	       80	       78	      106	      371	      417	       67	      207	      238	       60	      155	      246	        9	
  590.23	       81	       76	      114	      370	      415	       67	      207	      237	       62	      154	      244	       10	
  592.23	       81	       77	      108	      370	      417	       65	      207	      238	       61	      154	      246	        9	
  594.23	       81	       76	      114	      369	      417	       65	      207	      236	       62	      154	      243	       10	
  596.23	       80	       76	      112	      368	      417	       64	      207	      236	       63	      154	      243	       10	
  598.23	       81	       76	      112	      368	      418	       64	      208	      236	       63	      153	      242	       10	
  600.23	       81	       75	      115	      368	      418	       63	      207	      236	       64	      153	      241	       11	
