Experiment_Code:		127
HEADER_INFORMATION
Dual_Wavelength_Imaging_With_Two_Object_Classes
Object_by_Object_Ratioing
Threshold=0
Red_Objects=	6	Green_Objects=	0
Reserved
Ion:				Ca++
Wavelength_A:			340
Wavelength_B:			380
A_Exposure_Time:		120
B_Exposure_Time:		30
Minimum_Ion_[nMol]:		0.000000
Maximum_Ion_[nMol]:		602.000000
Calibration_Filename:		dw120404#1.CAL
Calibration_A_Exposure_Time:	120.000000
Calibration_B_Exposure_Time:	30.000000
No._of_Calib._Table_Entries:	5
Ca++	Ratio
  0.00	0.572811
 38.00	0.789131
100.00	1.005634
225.00	1.552722
602.00	2.884055
Image_Width:			696
Image_Height:			512
Number_of_Time_Points:		390
Number_of_Objects:		6
Event_Times			0
Horizontal_Binning=2
Vertical_Binning=2
Reserved
DATA_AFTER_THIS_LINE
Time[seconds]	  340[01]	  380[01]	 Ca++[01]	  340[02]	  380[02]	 Ca++[02]	  340[03]	  380[03]	 Ca++[03]	  340[04]	  380[04]	 Ca++[04]	  340[05]	  380[05]	 Ca++[05]	  340[06]	  380[06]	 Ca++[06]	
    0.24	      217	      308	       23	       69	       61	      127	      199	      247	       42	      264	      345	       33	      253	      336	       31	      135	      146	       78	
    2.24	      217	      308	       23	       69	       61	      126	      202	      247	       45	      267	      346	       35	      258	      335	       34	      139	      146	       85	
    4.24	      218	      308	       23	       69	       62	      125	      199	      248	       42	      264	      345	       33	      254	      336	       31	      135	      146	       77	
    6.24	      218	      308	       23	       69	       61	      127	      201	      248	       44	      268	      346	       35	      258	      335	       34	      139	      145	       86	
    8.24	      217	      308	       23	       69	       61	      127	      199	      248	       42	      264	      345	       33	      253	      335	       32	      136	      146	       78	
   10.24	      218	      309	       23	       69	       61	      129	      199	      248	       41	      264	      346	       33	      254	      336	       32	      136	      146	       78	
   12.24	      218	      309	       23	       69	       61	      125	      199	      248	       41	      264	      345	       33	      255	      336	       32	      136	      146	       78	
   14.24	      216	      309	       22	       67	       61	      121	      200	      248	       42	      266	      345	       34	      256	      336	       33	      137	      146	       82	
   16.24	      217	      309	       22	       69	       61	      126	      199	      248	       41	      264	      346	       33	      255	      336	       32	      136	      146	       79	
   18.28	      218	      309	       23	       69	       61	      127	      199	      248	       41	      264	      345	       33	      254	      338	       31	      136	      146	       79	
   20.28	      218	      311	       22	       69	       63	      120	      199	      250	       39	      264	      347	       33	      255	      339	       31	      136	      148	       75	
   22.33	      219	      309	       23	       69	       62	      124	      199	      248	       41	      264	      345	       33	      254	      337	       32	      136	      146	       79	
   24.33	      217	      308	       22	       67	       62	      117	      199	      248	       42	      267	      346	       35	      256	      336	       33	      138	      146	       83	
   26.33	      221	      310	       24	       71	       61	      133	      201	      248	       44	      267	      346	       34	      257	      336	       33	      138	      146	       83	
   28.38	      218	      309	       23	       69	       61	      126	      199	      248	       41	      265	      345	       34	      254	      337	       31	      136	      146	       79	
   30.38	      216	      309	       22	       67	       62	      120	      200	      248	       43	      267	      345	       35	      256	      336	       33	      138	      146	       83	
   32.38	      218	      310	       23	       69	       61	      127	      199	      248	       42	      265	      345	       34	      254	      336	       32	      136	      146	       79	
   34.38	      219	      307	       24	       69	       60	      135	      199	      246	       43	      265	      344	       35	      254	      334	       33	      136	      144	       82	
   36.38	      218	      311	       22	       69	       63	      117	      199	      250	       39	      265	      348	       33	      254	      338	       31	      136	      148	       75	
   38.38	      218	      307	       24	       69	       59	      136	      199	      246	       43	      265	      343	       35	      254	      334	       32	      136	      144	       82	
   40.42	      218	      307	       23	       69	       60	      134	      198	      246	       42	      265	      344	       34	      255	      334	       33	      136	      144	       82	
   42.42	      217	      309	       22	       67	       61	      119	      200	      248	       42	      267	      346	       35	      257	      337	       33	      138	      146	       82	
   44.42	      219	      309	       23	       69	       61	      128	      199	      248	       42	      265	      346	       34	      255	      336	       32	      136	      146	       78	
   46.42	      218	      307	       24	       69	       59	      136	      199	      246	       43	      265	      343	       35	      255	      334	       33	      136	      144	       82	
   48.47	      218	      307	       24	       69	       60	      135	      199	      246	       44	      265	      344	       34	      254	      334	       33	      136	      144	       82	
   50.47	      217	      310	       22	       68	       61	      122	      200	      248	       43	      267	      346	       35	      257	      336	       33	      138	      146	       82	
   52.47	      219	      309	       23	       69	       61	      127	      202	      248	       45	      269	      345	       36	      258	      336	       34	      140	      146	       86	
   54.47	      218	      309	       23	       69	       61	      128	      199	      248	       42	      265	      345	       34	      255	      336	       32	      136	      146	       79	
   56.47	      219	      309	       24	       69	       61	      126	      199	      248	       42	      265	      346	       33	      255	      336	       32	      136	      146	       78	
   58.47	      219	      310	       23	       69	       61	      126	      202	      248	       45	      269	      346	       35	      258	      337	       34	      140	      146	       86	
   60.47	      217	      310	       22	       67	       61	      119	      200	      248	       43	      267	      346	       35	      257	      336	       33	      138	      146	       82	
   62.52	      218	      310	       23	       69	       62	      126	      199	      248	       42	      265	      346	       34	      254	      336	       32	      136	      146	       78	
   64.52	      219	      312	       22	       69	       63	      119	      200	      250	       41	      266	      348	       33	      254	      339	       31	      136	      148	       75	
   66.56	      218	      310	       23	       69	       61	      126	      199	      248	       42	      266	      346	       34	      254	      336	       32	      136	      146	       78	
   68.61	      218	      310	       23	       69	       61	      127	      199	      248	       42	      266	      346	       34	      254	      336	       32	      136	      146	       79	
   70.61	      216	      310	       22	       67	       61	      120	      200	      248	       43	      267	      346	       35	      257	      336	       33	      138	      146	       82	
   72.61	      218	      310	       23	       69	       62	      127	      199	      248	       42	      266	      346	       34	      254	      336	       32	      136	      146	       78	
   74.61	      217	      310	       22	       67	       61	      121	      200	      248	       43	      268	      346	       35	      257	      336	       33	      138	      146	       82	
   76.66	      219	      310	       23	       69	       61	      126	      202	      248	       45	      267	      346	       35	      257	      336	       33	      138	      146	       81	
   78.66	      217	      310	       22	       68	       62	      120	      200	      248	       43	      267	      346	       35	      257	      336	       33	      138	      146	       82	
   80.66	      217	      310	       22	       67	       61	      120	      201	      248	       43	      268	      345	       35	      257	      336	       33	      138	      146	       82	
   82.66	      219	      309	       23	       69	       61	      127	      200	      248	       42	      266	      346	       34	      255	      336	       32	      136	      146	       78	
   84.66	      219	      309	       23	       69	       61	      127	      202	      248	       45	      267	      346	       35	      257	      336	       33	      138	      146	       82	
   86.66	      219	      310	       23	       69	       61	      128	      200	      248	       42	      266	      346	       34	      255	      336	       32	      136	      146	       78	
   88.66	      219	      308	       24	       69	       59	      136	      202	      246	       47	      268	      344	       35	      257	      334	       34	      138	      144	       84	
   90.66	      219	      308	       24	       69	       59	      136	      199	      246	       44	      266	      344	       35	      255	      334	       33	      136	      144	       81	
   92.66	      220	      310	       23	       69	       61	      128	      199	      248	       42	      266	      346	       34	      255	      337	       32	      136	      146	       77	
   94.66	      219	      312	       23	       69	       63	      119	      199	      250	       40	      266	      348	       34	      255	      339	       31	      136	      148	       74	
   96.70	      219	      310	       23	       69	       61	      125	      201	      248	       44	      267	      345	       35	      257	      337	       33	      137	      146	       81	
   98.70	      219	      310	       23	       69	       61	      128	      199	      248	       42	      265	      346	       34	      255	      337	       32	      136	      146	       78	
  100.75	      219	      311	       23	       69	       61	      126	      200	      248	       42	      266	      346	       34	      255	      337	       32	      136	      146	       78	
  102.75	      219	      311	       22	       69	       61	      127	      199	      248	       42	      266	      346	       34	      255	      336	       32	      136	      146	       77	
  104.75	      220	      310	       23	       69	       61	      125	      199	      247	       42	      266	      346	       34	      255	      337	       32	      136	      146	       78	
  106.75	      219	      310	       23	       69	       61	      128	      200	      248	       42	      265	      345	       34	      255	      337	       32	      136	      146	       77	
  108.75	      219	      311	       23	       69	       61	      128	      199	      248	       42	      266	      346	       34	      255	      337	       32	      136	      146	       78	
  110.75	      218	      310	       22	       67	       61	      120	      200	      248	       43	      268	      346	       35	      258	      337	       33	      138	      146	       81	
  112.80	      219	      310	       23	       69	       61	      127	      199	      248	       42	      266	      346	       34	      255	      337	       32	      136	      146	       78	
  114.80	      218	      310	       22	       67	       61	      120	      200	      247	       44	      268	      346	       35	      257	      336	       33	      138	      146	       81	
  116.80	      218	      311	       22	       67	       61	      120	      200	      248	       43	      266	      346	       34	      255	      336	       32	      136	      146	       77	
  118.84	      220	      310	       24	       69	       61	      128	      199	      248	       42	      266	      347	       34	      255	      336	       32	      136	      146	       78	
  120.84	      220	      311	       23	       69	       61	      128	      199	      247	       42	      266	      346	       34	      255	      336	       32	      136	      146	       78	
  122.84	      220	      309	       24	       70	       59	      138	      199	      246	       43	      266	      344	       35	      255	      334	       33	      136	      144	       82	
  124.84	      220	      309	       24	       69	       59	      136	      200	      246	       44	      266	      344	       35	      256	      334	       33	      136	      144	       81	
  126.84	      220	      311	       24	       69	       62	      127	      200	      247	       43	      266	      346	       34	      256	      336	       33	      136	      146	       78	
  128.89	      220	      311	       23	       69	       61	      129	      199	      247	       43	      266	      346	       34	      255	      336	       32	      136	      146	       78	
  130.89	      220	      312	       23	       69	       61	      128	      199	      248	       42	      266	      346	       34	      256	      336	       33	      136	      146	       78	
  132.89	      220	      311	       23	       69	       61	      127	      200	      248	       42	      266	      346	       34	      255	      336	       33	      136	      146	       78	
  134.89	      220	      312	       23	       70	       61	      128	      200	      247	       43	      266	      346	       34	      255	      336	       32	      136	      146	       78	
  136.94	      220	      311	       23	       69	       61	      127	      200	      247	       43	      266	      346	       34	      255	      337	       32	      136	      146	       78	
  138.94	      220	      311	       23	       69	       61	      128	      200	      247	       43	      267	      346	       34	      255	      336	       32	      136	      146	       78	
  140.94	      218	      311	       22	       68	       61	      122	      200	      247	       44	      268	      346	       35	      258	      336	       34	      138	      146	       81	
  142.94	      218	      310	       22	       67	       61	      119	      201	      247	       44	      268	      346	       35	      258	      336	       34	      138	      146	       81	
  144.94	      217	      311	       22	       67	       61	      120	      201	      247	       44	      268	      346	       35	      258	      336	       34	      138	      146	       82	
  146.99	      220	      310	       24	       69	       61	      128	      200	      247	       43	      266	      345	       34	      255	      336	       32	      136	      146	       78	
  148.99	      220	      308	       24	       69	       59	      136	      200	      245	       45	      267	      345	       35	      255	      334	       33	      136	      144	       81	
  150.99	      218	      307	       24	       67	       60	      126	      201	      245	       46	      268	      344	       36	      258	      334	       34	      138	      145	       84	
  152.99	      220	      310	       23	       69	       61	      127	      202	      247	       46	      270	      346	       36	      259	      336	       35	      140	      146	       85	
  154.99	      220	      308	       24	       69	       60	      133	      200	      246	       45	      266	      345	       35	      255	      334	       33	      136	      144	       81	
  156.99	      220	      311	       24	       69	       62	      127	      199	      247	       43	      267	      346	       34	      255	      336	       33	      136	      146	       78	
  159.03	      220	      310	       24	       69	       62	      126	      200	      247	       43	      266	      346	       34	      255	      336	       33	      136	      146	       77	
  161.03	      221	      310	       24	       69	       61	      127	      200	      248	       43	      266	      346	       34	      255	      336	       32	      136	      146	       78	
  163.03	      218	      310	       22	       67	       62	      120	      200	      248	       44	      268	      346	       35	      257	      337	       33	      138	      146	       81	
  165.03	      219	      309	       24	       67	       60	      128	      201	      245	       46	      268	      345	       36	      258	      334	       35	      138	      144	       85	
  167.03	      221	      308	       25	       69	       59	      134	      200	      246	       45	      267	      344	       35	      255	      335	       33	      136	      144	       81	
  169.03	      220	      311	       23	       69	       62	      126	      200	      247	       43	      267	      346	       35	      255	      336	       32	      136	      146	       78	
  171.03	      220	      310	       24	       69	       62	      126	      202	      247	       46	      270	      345	       36	      259	      336	       34	      140	      146	       86	
  173.03	      221	      311	       24	       69	       61	      126	      200	      247	       43	      267	      346	       34	      256	      336	       33	      136	      146	       78	
  175.08	      221	      310	       24	       69	       61	      128	      203	      248	       46	      271	      345	       37	      259	      336	       35	      140	      146	       86	
  177.08	      221	      311	       24	       68	       61	      125	      202	      247	       46	      269	      346	       36	      258	      336	       34	      138	      146	       82	
  179.13	      221	      310	       24	       69	       61	      126	      202	      247	       45	      269	      346	       35	      258	      335	       34	      138	      146	       82	
  181.13	      221	      311	       24	       69	       61	      125	      203	      247	       46	      270	      346	       36	      259	      335	       35	      140	      146	       85	
  183.13	      221	      311	       24	       69	       61	      127	      202	      248	       46	      270	      345	       36	      260	      336	       35	      140	      146	       86	
  185.17	      221	      307	       26	       69	       60	      135	      200	      245	       45	      269	      340	       38	      258	      331	       36	      136	      144	       82	
  187.17	      349	      148	      451	       69	       61	      129	      216	      217	       96	      399	      177	      421	      364	      180	      355	      138	      144	       86	
  189.17	      348	      148	      448	       70	       61	      129	      289	      136	      386	      397	      181	      405	      376	      175	      393	      159	      119	      176	
  191.17	      347	      150	      438	       70	       61	      130	      286	      141	      361	      394	      186	      383	      374	      179	      377	      164	      115	      195	
  193.17	      346	      150	      435	       70	       59	      137	      281	      146	      331	      388	      193	      355	      368	      183	      356	      163	      115	      194	
  195.17	      342	      155	      407	       68	       61	      123	      275	      156	      285	      382	      204	      315	      364	      194	      317	      164	      119	      185	
  197.17	      341	      159	      389	       69	       61	      129	      266	      165	      241	      371	      217	      270	      355	      204	      276	      160	      121	      173	
  199.17	      336	      166	      357	       69	       61	      129	      259	      175	      206	      361	      229	      231	      346	      215	      240	      158	      123	      163	
  201.17	      329	      176	      313	       70	       61	      128	      251	      185	      180	      352	      241	      204	      339	      224	      214	      156	      125	      154	
  203.17	      319	      187	      268	       70	       59	      138	      245	      191	      162	      345	      247	      189	      334	      230	      202	      154	      125	      150	
  205.22	      309	      201	      220	       70	       61	      130	      241	      197	      149	      343	      250	      183	      332	      234	      194	      152	      129	      140	
  207.22	      297	      210	      193	       67	       60	      127	      240	      197	      149	      358	      230	      225	      337	      228	      207	      153	      128	      144	
  209.22	      294	      219	      176	       69	       61	      130	      246	      190	      165	      385	      195	      342	      342	      218	      229	      151	      129	      137	
  211.22	      295	      217	      180	       70	       61	      131	      265	      169	      228	      395	      188	      380	      354	      207	      269	      155	      128	      147	
  213.27	      312	      194	      239	       70	       61	      129	      280	      148	      318	      389	      194	      352	      355	      203	      278	      155	      126	      149	
  215.27	      337	      163	      369	       70	       61	      130	      284	      147	      331	      384	      206	      313	      357	      205	      277	      159	      126	      157	
  217.27	      339	      160	      386	       70	       59	      138	      277	      152	      301	      368	      219	      260	      351	      207	      264	      155	      124	      155	
  219.31	      335	      167	      352	       69	       61	      129	      269	      163	      251	      356	      237	      212	      346	      215	      240	      155	      125	      153	
  221.31	      329	      176	      312	       69	       61	      130	      260	      174	      212	      344	      251	      183	      342	      220	      225	      156	      124	      157	
  223.36	      317	      188	      262	       68	       62	      121	      252	      185	      181	      336	      263	      162	      341	      226	      214	      157	      125	      156	
  225.36	      308	      199	      224	       68	       59	      131	      245	      193	      160	      332	      268	      152	      337	      229	      206	      156	      125	      153	
  227.36	      301	      210	      198	       70	       60	      137	      238	      200	      141	      328	      269	      148	      334	      229	      202	      152	      127	      142	
  229.41	      296	      217	      180	       69	       61	      129	      233	      208	      126	      338	      258	      169	      335	      229	      204	      151	      131	      133	
  231.41	      300	      208	      200	       70	       59	      138	      231	      209	      122	      371	      209	      288	      342	      217	      230	      150	      130	      133	
  233.41	      323	      181	      290	       69	       61	      128	      231	      210	      121	      395	      186	      384	      353	      207	      268	      151	      130	      134	
  235.41	      334	      163	      365	       67	       59	      131	      238	      200	      142	      394	      189	      376	      357	      201	      288	      153	      129	      141	
  237.41	      335	      166	      355	       70	       61	      130	      255	      183	      188	      388	      200	      332	      357	      206	      274	      155	      130	      142	
  239.41	      332	      171	      335	       69	       59	      136	      265	      165	      239	      372	      214	      277	      348	      212	      250	      155	      124	      155	
  241.41	      324	      182	      287	       70	       61	      130	      280	      149	      318	      359	      233	      222	      341	      222	      220	      157	      123	      161	
  243.41	      313	      194	      241	       68	       61	      122	      281	      150	      313	      348	      250	      187	      339	      229	      208	      160	      123	      165	
  245.45	      305	      206	      208	       70	       61	      130	      274	      159	      273	      335	      264	      160	      334	      232	      198	      156	      124	      157	
  247.45	      298	      215	      186	       70	       61	      129	      265	      170	      228	      327	      274	      142	      333	      235	      193	      155	      126	      151	
  249.45	      290	      222	      168	       68	       59	      131	      256	      180	      194	      322	      281	      131	      331	      238	      187	      155	      126	      150	
  251.45	      285	      232	      150	       69	       61	      128	      246	      193	      160	      314	      291	      116	      323	      249	      166	      151	      131	      133	
  253.45	      277	      240	      133	       67	       62	      119	      239	      204	      138	      310	      298	      107	      318	      258	      151	      150	      134	      126	
  255.45	      273	      248	      121	       69	       61	      128	      231	      212	      119	      303	      304	       97	      309	      268	      133	      146	      136	      114	
  257.45	      265	      254	      108	       68	       62	      120	      226	      219	      106	      301	      310	       90	      305	      275	      123	      145	      139	      109	
  259.45	      263	      258	      103	       70	       60	      136	      221	      223	       95	      295	      312	       82	      297	      280	      112	      142	      139	      104	
  261.50	      258	      265	       90	       69	       61	      129	      219	      230	       85	      296	      318	       78	      296	      289	      104	      145	      142	      103	
  263.50	      255	      267	       85	       69	       59	      135	      217	      231	       80	      294	      319	       75	      293	      292	       99	      144	      141	      102	
  265.50	      252	      273	       76	       69	       61	      127	      212	      236	       68	      288	      323	       67	      284	      299	       84	      139	      144	       89	
  267.50	      249	      276	       70	       69	       61	      128	      210	      239	       63	      286	      326	       62	      281	      304	       76	      139	      144	       87	
  269.50	      247	      279	       65	       69	       61	      129	      211	      241	       63	      286	      328	       62	      280	      307	       73	      140	      145	       89	
  271.50	      244	      278	       63	       67	       60	      126	      208	      240	       60	      285	      327	       61	      278	      308	       70	      140	      143	       92	
  273.50	      245	      280	       62	       69	       60	      135	      206	      241	       56	      282	      328	       58	      274	      310	       64	      138	      143	       88	
  275.50	      242	      280	       59	       67	       60	      127	      206	      243	       55	      283	      329	       58	      274	      314	       62	      140	      143	       91	
  277.50	      244	      280	       61	       69	       60	      135	      205	      243	       53	      281	      330	       55	      270	      315	       57	      138	      143	       88	
  279.50	      244	      280	       61	       69	       59	      135	      204	      243	       52	      281	      330	       56	      268	      317	       54	      138	      143	       88	
  281.50	      245	      282	       60	       69	       61	      126	      203	      246	       48	      281	      331	       54	      268	      320	       51	      138	      144	       86	
  283.50	      246	      278	       65	       69	       59	      136	      203	      245	       49	      281	      329	       57	      266	      320	       50	      140	      139	      100	
  285.50	      248	      277	       68	       69	       61	      126	      206	      247	       50	      285	      330	       58	      269	      323	       50	      146	      140	      108	
  287.50	      253	      269	       80	       69	       60	      133	      203	      245	       48	      282	      329	       57	      265	      322	       47	      142	      138	      105	
  289.50	      262	      259	      101	       69	       59	      136	      202	      246	       47	      282	      328	       58	      264	      322	       46	      142	      139	      104	
  291.50	      282	      232	      147	       70	       61	      132	      205	      248	       48	      287	      328	       62	      268	      325	       48	      145	      141	      104	
  293.50	      327	      175	      314	       69	       59	      136	      202	      246	       47	      284	      325	       62	      264	      324	       45	      141	      140	      100	
  295.50	      330	      171	      329	       67	       59	      130	      203	      246	       48	      288	      324	       66	      265	      323	       47	      142	      141	      100	
  297.50	      327	      179	      302	       69	       62	      127	      201	      248	       44	      287	      322	       67	      263	      326	       43	      139	      143	       90	
  299.50	      321	      188	      269	       69	       61	      128	      202	      248	       45	      291	      318	       73	      263	      327	       42	      139	      144	       88	
  301.50	      312	      199	      227	       69	       62	      126	      204	      248	       47	      299	      312	       86	      267	      327	       46	      142	      144	       93	
  303.50	      300	      212	      194	       67	       61	      119	      199	      248	       42	      302	      301	       99	      260	      326	       40	      136	      145	       81	
  305.50	      291	      223	      168	       67	       61	      121	      202	      248	       45	      329	      268	      150	      266	      327	       45	      140	      145	       87	
  307.50	      284	      231	      150	       67	       59	      130	      202	      246	       47	      393	      189	      373	      265	      324	       46	      139	      143	       90	
  309.50	      280	      238	      139	       69	       61	      125	      201	      248	       43	      389	      194	      352	      263	      325	       43	      137	      145	       83	
  311.50	      278	      239	      135	       69	       60	      134	      201	      246	       46	      380	      203	      313	      263	      324	       45	      138	      143	       87	
  313.50	      277	      243	      130	       69	       62	      127	      202	      248	       44	      368	      220	      258	      263	      324	       44	      137	      146	       81	
  315.50	      276	      241	      131	       67	       62	      120	      202	      248	       45	      357	      238	      213	      266	      324	       47	      139	      146	       85	
  317.50	      280	      237	      139	       67	       62	      120	      202	      248	       45	      344	      255	      177	      267	      324	       47	      139	      146	       85	
  319.50	      288	      228	      159	       69	       61	      126	      202	      248	       44	      330	      270	      150	      266	      323	       47	      137	      146	       80	
  321.55	      300	      211	      194	       69	       59	      135	      202	      246	       46	      321	      280	      132	      267	      318	       53	      137	      144	       83	
  323.55	      310	      200	      224	       69	       61	      126	      202	      248	       44	      314	      291	      116	      268	      318	       53	      137	      146	       80	
  325.55	      313	      194	      241	       67	       61	      121	      202	      248	       45	      309	      299	      106	      272	      316	       58	      138	      146	       83	
  327.59	      313	      194	      242	       67	       61	      119	      202	      248	       45	      304	      305	       97	      274	      315	       61	      138	      146	       82	
  329.59	      313	      198	      232	       69	       61	      128	      201	      248	       44	      298	      311	       86	      274	      311	       64	      137	      146	       79	
  331.59	      308	      202	      218	       69	       59	      135	      202	      246	       47	      295	      312	       82	      277	      305	       72	      137	      144	       83	
  333.59	      302	      208	      202	       67	       59	      128	      203	      245	       48	      295	      315	       79	      283	      301	       81	      138	      144	       86	
  335.59	      299	      211	      194	       67	       59	      129	      203	      245	       48	      293	      316	       77	      290	      290	       98	      139	      144	       87	
  337.64	      299	      214	      188	       69	       59	      136	      202	      245	       48	      291	      318	       73	      300	      274	      120	      137	      144	       84	
  339.64	      296	      220	      177	       69	       61	      126	      202	      247	       46	      290	      321	       70	      346	      211	      248	      137	      146	       80	
  341.64	      292	      223	      169	       69	       61	      127	      202	      247	       46	      289	      322	       69	      365	      189	      331	      137	      146	       80	
  343.69	      289	      226	      162	       67	       61	      120	      203	      247	       47	      290	      322	       70	      364	      196	      311	      139	      146	       84	
  345.74	      289	      227	      160	       69	       61	      126	      202	      247	       46	      288	      322	       68	      353	      207	      268	      137	      145	       81	
  347.74	      288	      225	      162	       67	       59	      129	      203	      245	       49	      290	      320	       71	      346	      218	      234	      139	      144	       88	
  349.78	      287	      229	      156	       67	       61	      119	      203	      247	       47	      291	      321	       71	      335	      235	      196	      139	      145	       85	
  351.78	      288	      227	      159	       67	       61	      122	      203	      247	       48	      292	      320	       73	      326	      246	      172	      139	      145	       86	
  353.78	      290	      225	      163	       67	       61	      120	      203	      247	       48	      293	      317	       77	      319	      256	      154	      139	      145	       86	
  355.78	      291	      223	      168	       67	       61	      120	      203	      247	       47	      297	      312	       85	      313	      264	      140	      139	      145	       87	
  357.78	      292	      222	      170	       67	       62	      119	      203	      247	       47	      304	      303	       98	      308	      270	      130	      139	      145	       87	
  359.78	      292	      221	      172	       68	       62	      120	      203	      246	       48	      319	      283	      127	      305	      275	      123	      139	      145	       87	
  361.78	      294	      219	      176	       67	       61	      118	      203	      246	       48	      376	      207	      297	      302	      279	      117	      139	      145	       87	
  363.83	      298	      217	      183	       69	       61	      127	      203	      246	       48	      386	      197	      339	      298	      281	      112	      138	      145	       84	
  365.83	      299	      213	      190	       67	       61	      121	      204	      245	       49	      382	      205	      312	      299	      281	      113	      139	      144	       88	
  367.83	      302	      207	      203	       67	       59	      130	      204	      242	       53	      374	      213	      282	      305	      271	      127	      140	      142	       94	
  369.83	      309	      202	      219	       69	       61	      127	      205	      242	       54	      364	      226	      240	      333	      229	      201	      142	      139	      104	
  371.83	      311	      195	      236	       68	       59	      129	      222	      218	      102	      362	      229	      233	      368	      187	      341	      148	      132	      126	
  373.83	      315	      196	      240	       69	       61	      127	      229	      212	      117	      368	      219	      261	      366	      192	      325	      163	      117	      188	
  375.83	      315	      195	      243	       69	       61	      126	      234	      206	      129	      383	      201	      324	      362	      196	      308	      163	      118	      186	
  377.83	      313	      194	      240	       67	       61	      120	      268	      159	      261	      386	      201	      327	      361	      201	      294	      163	      119	      183	
  379.83	      314	      193	      244	       68	       59	      134	      279	      149	      314	      382	      203	      318	      356	      205	      276	      162	      119	      178	
  381.83	      312	      194	      240	       67	       59	      130	      273	      157	      278	      378	      209	      296	      352	      210	      257	      159	      122	      168	
  383.83	      314	      195	      240	       70	       59	      140	      265	      166	      236	      370	      218	      264	      347	      214	      244	      154	      125	      152	
  385.83	      313	      196	      236	       70	       59	      138	      257	      176	      203	      363	      227	      237	      346	      215	      239	      152	      128	      141	
  387.88	      311	      198	      230	       70	       59	      138	      249	      187	      174	      359	      232	      224	      345	      217	      234	      149	      131	      130	
  389.88	      310	      199	      225	       70	       60	      137	      242	      196	      152	      362	      228	      234	      347	      215	      241	      147	      133	      123	
  391.88	      309	      203	      217	       70	       61	      131	      236	      204	      135	      369	      219	      261	      348	      215	      243	      146	      136	      115	
  393.88	      308	      203	      217	       70	       60	      136	      234	      206	      129	      375	      211	      288	      348	      213	      247	      145	      135	      116	
  395.88	      304	      206	      206	       68	       62	      120	      235	      207	      129	      376	      215	      279	      351	      216	      244	      148	      135	      120	
  397.88	      303	      208	      202	       68	       61	      123	      250	      187	      174	      372	      219	      264	      349	      217	      239	      152	      131	      135	
  399.92	      304	      210	      200	       69	       61	      128	      257	      178	      198	      366	      225	      246	      346	      219	      231	      152	      130	      137	
  401.97	      300	      211	      194	       68	       61	      124	      267	      166	      239	      364	      230	      233	      349	      218	      237	      153	      130	      138	
  403.97	      299	      213	      190	       68	       61	      123	      271	      161	      259	      365	      229	      235	      350	      217	      243	      152	      131	      136	
  405.97	      301	      212	      194	       69	       59	      136	      268	      163	      250	      364	      226	      240	      348	      213	      246	      151	      129	      137	
  407.97	      299	      216	      186	       70	       61	      129	      262	      172	      219	      366	      225	      244	      347	      217	      239	      153	      128	      141	
  409.97	      296	      218	      180	       68	       61	      122	      257	      179	      198	      368	      225	      247	      349	      217	      241	      154	      130	      141	
  412.02	      295	      219	      177	       68	       61	      121	      252	      187	      178	      366	      227	      241	      349	      219	      235	      153	      131	      137	
  414.06	      295	      221	      175	       70	       61	      130	      246	      193	      160	      363	      230	      232	      346	      220	      230	      150	      131	      131	
  416.06	      292	      220	      172	       67	       60	      128	      244	      194	      156	      363	      229	      233	      347	      218	      235	      153	      128	      144	
  418.06	      291	      222	      170	       67	       60	      127	      243	      195	      153	      362	      232	      227	      346	      220	      230	      157	      124	      159	
  420.06	      292	      223	      169	       69	       59	      136	      246	      193	      161	      362	      232	      227	      344	      223	      223	      158	      124	      161	
  422.11	      290	      224	      165	       68	       59	      131	      253	      181	      189	      361	      232	      226	      343	      225	      218	      158	      123	      164	
  424.11	      289	      228	      160	       69	       61	      127	      275	      158	      277	      363	      235	      222	      347	      223	      224	      159	      126	      159	
  426.11	      287	      226	      159	       68	       59	      131	      276	      153	      296	      361	      234	      223	      346	      220	      231	      156	      125	      155	
  428.11	      288	      230	      156	       70	       61	      130	      272	      160	      267	      358	      237	      215	      345	      221	      226	      153	      128	      143	
  430.16	      284	      231	      151	       68	       61	      121	      266	      169	      230	      359	      237	      215	      345	      223	      223	      155	      128	      145	
  432.16	      285	      232	      150	       70	       61	      130	      256	      181	      193	      355	      240	      208	      342	      224	      219	      153	      128	      143	
  434.16	      285	      234	      148	       69	       61	      128	      247	      192	      164	      355	      241	      205	      341	      226	      214	      153	      129	      140	
  436.20	      283	      233	      148	       69	       60	      135	      240	      198	      146	      354	      240	      206	      340	      225	      214	      151	      128	      139	
  438.20	      282	      234	      145	       70	       60	      135	      236	      204	      133	      353	      242	      203	      339	      226	      212	      150	      130	      134	
  440.20	      282	      237	      141	       70	       61	      129	      234	      207	      128	      352	      244	      199	      340	      226	      212	      148	      134	      123	
  442.20	      279	      240	      135	       67	       61	      121	      237	      204	      136	      354	      245	      200	      343	      226	      216	      148	      136	      119	
  444.20	      279	      240	      136	       69	       61	      128	      246	      193	      161	      355	      245	      201	      344	      227	      216	      149	      137	      117	
  446.25	      279	      239	      137	       70	       59	      138	      258	      173	      211	      349	      245	      195	      338	      227	      210	      144	      136	      111	
  448.25	      278	      240	      135	       70	       59	      137	      272	      155	      280	      348	      247	      191	      338	      229	      207	      147	      133	      122	
  450.30	      277	      243	      130	       70	       61	      130	      274	      158	      276	      347	      251	      186	      337	      232	      202	      148	      134	      121	
  452.30	      274	      242	      129	       68	       59	      132	      269	      163	      251	      347	      251	      186	      340	      229	      208	      149	      133	      125	
  454.30	      276	      245	      127	       69	       62	      127	      259	      175	      208	      344	      253	      180	      337	      232	      201	      146	      136	      115	
  456.30	      272	      244	      125	       68	       59	      131	      252	      185	      181	      345	      253	      181	      339	      229	      207	      147	      135	      119	
  458.30	      272	      245	      124	       67	       59	      129	      243	      195	      154	      344	      255	      178	      339	      229	      208	      146	      136	      116	
  460.30	      273	      248	      121	       70	       61	      129	      236	      205	      132	      341	      258	      171	      338	      230	      205	      145	      138	      109	
  462.30	      272	      246	      122	       69	       59	      138	      232	      208	      125	      340	      258	      171	      337	      229	      206	      147	      132	      125	
  464.30	      271	      249	      118	       69	       61	      130	      231	      211	      119	      338	      260	      167	      336	      232	      200	      153	      128	      143	
  466.30	      268	      249	      115	       67	       60	      128	      232	      207	      126	      339	      260	      167	      337	      231	      203	      159	      121	      170	
  468.30	      270	      252	      115	       70	       61	      129	      239	      200	      143	      336	      264	      161	      335	      235	      196	      157	      124	      160	
  470.34	      267	      250	      113	       68	       59	      130	      258	      174	      208	      337	      264	      161	      336	      233	      199	      158	      124	      162	
  472.34	      267	      253	      111	       68	       62	      121	      272	      159	      271	      336	      266	      157	      336	      236	      195	      156	      128	      147	
  474.34	      267	      254	      110	       70	       61	      130	      274	      160	      270	      336	      268	      157	      337	      237	      195	      155	      131	      139	
  476.34	      265	      253	      110	       68	       59	      130	      267	      164	      243	      334	      267	      155	      334	      235	      194	      150	      132	      130	
  478.34	      266	      255	      107	       69	       61	      128	      261	      176	      208	      335	      270	      152	      336	      238	      193	      149	      136	      120	
  480.34	      265	      256	      106	       69	       61	      129	      253	      187	      177	      333	      272	      150	      336	      238	      192	      148	      138	      114	
  482.34	      265	      257	      105	       69	       61	      128	      245	      196	      154	      332	      273	      148	      335	      239	      190	      147	      139	      111	
  484.39	      265	      258	      104	       70	       62	      130	      237	      203	      135	      328	      274	      143	      330	      240	      184	      143	      140	      104	
  486.39	      261	      256	      103	       67	       60	      127	      234	      205	      131	      328	      274	      143	      332	      239	      188	      146	      136	      115	
  488.39	      260	      257	      101	       68	       59	      133	      234	      205	      130	      327	      275	      141	      332	      239	      187	      149	      133	      124	
  490.39	      263	      260	      101	       69	       62	      127	      237	      203	      136	      324	      279	      135	      328	      243	      178	      147	      134	      121	
  492.39	      262	      261	       99	       70	       61	      130	      249	      189	      170	      326	      279	      136	      331	      243	      181	      155	      129	      145	
  494.44	      260	      261	       97	       70	       62	      127	      260	      171	      216	      321	      282	      130	      327	      244	      176	      154	      127	      148	
  496.49	      258	      262	       94	       68	       61	      124	      267	      164	      245	      323	      283	      130	      329	      244	      177	      156	      127	      149	
  498.49	      258	      262	       93	       68	       61	      125	      266	      167	      235	      321	      284	      128	      328	      245	      175	      154	      129	      143	
  500.53	      259	      263	       94	       70	       61	      129	      263	      174	      215	      322	      286	      127	      328	      247	      173	      155	      131	      140	
  502.53	      259	      262	       94	       70	       59	      138	      253	      180	      190	      317	      284	      125	      324	      245	      172	      149	      131	      129	
  504.53	      258	      264	       91	       70	       61	      129	      246	      191	      163	      316	      288	      121	      323	      248	      167	      146	      135	      117	
  506.53	      256	      265	       88	       67	       61	      121	      241	      197	      149	      317	      289	      120	      324	      250	      167	      146	      138	      113	
  508.58	      257	      263	       92	       69	       59	      140	      238	      198	      144	      314	      288	      118	      322	      248	      166	      142	      138	      106	
  510.58	      256	      267	       87	       69	       61	      127	      238	      201	      140	      313	      292	      115	      321	      251	      161	      142	      141	       99	
  512.58	      257	      265	       89	       70	       59	      137	      239	      196	      148	      312	      291	      114	      320	      250	      162	      141	      140	       99	
  514.58	      255	      265	       87	       68	       60	      129	      245	      190	      165	      313	      292	      114	      321	      252	      161	      142	      141	      100	
  516.58	      254	      267	       84	       68	       61	      123	      252	      182	      187	      310	      295	      110	      319	      254	      157	      140	      143	       91	
  518.58	      253	      266	       84	       68	       59	      131	      258	      173	      210	      311	      294	      111	      320	      253	      159	      141	      142	       97	
  520.58	      255	      266	       85	       69	       60	      134	      258	      173	      211	      308	      296	      108	      317	      254	      155	      140	      141	       96	
  522.58	      254	      269	       82	       70	       61	      129	      256	      177	      199	      307	      298	      104	      316	      256	      152	      141	      140	      100	
  524.58	      252	      268	       81	       68	       60	      129	      253	      181	      190	      308	      298	      106	      318	      256	      153	      149	      132	      127	
  526.58	      252	      268	       81	       68	       59	      129	      249	      185	      177	      307	      298	      105	      317	      257	      152	      157	      124	      158	
  528.58	      254	      268	       82	       69	       60	      135	      246	      189	      167	      304	      299	      102	      314	      258	      148	      161	      118	      181	
  530.63	      253	      271	       79	       69	       61	      129	      244	      192	      159	      303	      302	       99	      313	      261	      144	      161	      120	      175	
  532.63	      250	      269	       78	       67	       59	      129	      244	      191	      162	      304	      301	      100	      314	      260	      146	      161	      120	      175	
  534.63	      251	      271	       77	       69	       62	      127	      243	      192	      159	      302	      303	       97	      312	      262	      141	      156	      125	      154	
  536.63	      251	      270	       78	       69	       60	      135	      246	      187	      171	      301	      303	       96	      310	      261	      141	      152	      127	      144	
  538.63	      252	      272	       76	       70	       61	      130	      249	      186	      175	      300	      305	       93	      310	      265	      137	      150	      132	      128	
  540.67	      248	      273	       72	       67	       61	      121	      249	      185	      178	      300	      306	       92	      309	      266	      135	      147	      135	      118	
  542.72	      250	      272	       74	       69	       61	      125	      248	      187	      173	      299	      307	       90	      307	      267	      133	      145	      137	      112	
  544.72	      248	      273	       72	       68	       62	      121	      247	      189	      169	      300	      307	       91	      310	      267	      135	      146	      138	      112	
  546.72	      248	      273	       71	       67	       61	      121	      242	      192	      158	      296	      309	       85	      304	      268	      129	      142	      139	      103	
  548.77	      249	      274	       72	       70	       61	      129	      245	      194	      158	      300	      309	       89	      310	      269	      133	      147	      139	      111	
  550.77	      249	      271	       74	       70	       59	      137	      240	      194	      152	      295	      309	       86	      304	      268	      129	      142	      138	      106	
  552.77	      247	      271	       72	       67	       60	      127	      240	      196	      149	      297	      309	       86	      306	      270	      129	      144	      138	      109	
  554.77	      249	      275	       71	       70	       62	      127	      238	      198	      145	      295	      311	       83	      304	      272	      124	      145	      137	      110	
  556.77	      247	      273	       71	       68	       59	      130	      239	      196	      148	      296	      310	       85	      305	      272	      126	      149	      132	      128	
  558.77	      248	      273	       72	       70	       60	      135	      239	      196	      149	      294	      311	       82	      302	      272	      123	      149	      131	      130	
  560.77	      247	      273	       71	       69	       59	      135	      240	      196	      150	      295	      312	       83	      303	      273	      123	      151	      130	      134	
  562.77	      248	      275	       69	       69	       61	      127	      242	      197	      150	      296	      314	       82	      304	      276	      122	      153	      132	      134	
  564.77	      246	      274	       68	       68	       59	      130	      239	      196	      149	      295	      312	       82	      302	      275	      121	      150	      131	      132	
  566.77	      247	      276	       68	       69	       62	      126	      238	      198	      144	      291	      315	       77	      299	      277	      116	      147	      134	      121	
  568.77	      247	      274	       70	       69	       60	      135	      237	      197	      146	      291	      313	       78	      298	      277	      116	      147	      134	      120	
  570.81	      247	      276	       68	       70	       62	      128	      239	      200	      143	      293	      316	       77	      300	      279	      115	      147	      136	      117	
  572.81	      244	      276	       66	       68	       61	      122	      237	      200	      140	      292	      316	       76	      300	      280	      114	      149	      135	      122	
  574.81	      244	      275	       65	       68	       61	      122	      236	      201	      138	      291	      317	       75	      298	      280	      113	      150	      133	      126	
  576.81	      246	      277	       67	       69	       62	      125	      235	      201	      136	      289	      317	       73	      296	      281	      110	      147	      135	      120	
  578.81	      244	      275	       66	       67	       60	      128	      235	      201	      138	      290	      315	       75	      297	      280	      112	      148	      133	      124	
  580.81	      246	      275	       67	       69	       59	      135	      234	      200	      137	      288	      316	       73	      294	      280	      110	      146	      134	      118	
  582.81	      244	      277	       63	       68	       62	      120	      234	      203	      133	      287	      319	       70	      294	      284	      106	      146	      135	      116	
  584.81	      245	      278	       64	       70	       62	      129	      234	      203	      132	      287	      318	       69	      292	      284	      105	      151	      131	      132	
  586.81	      243	      275	       65	       67	       59	      127	      234	      202	      135	      288	      317	       72	      295	      283	      107	      154	      127	      147	
  588.81	      245	      275	       66	       69	       59	      136	      233	      202	      133	      286	      318	       70	      292	      284	      105	      155	      124	      154	
  590.81	      243	      275	       64	       68	       59	      131	      233	      203	      132	      288	      318	       71	      293	      284	      106	      157	      124	      158	
  592.81	      242	      277	       62	       68	       62	      121	      232	      206	      127	      287	      320	       69	      293	      287	      103	      155	      128	      146	
  594.81	      244	      278	       63	       69	       62	      127	      233	      207	      127	      289	      320	       70	      294	      288	      103	      155	      130	      141	
  596.81	      244	      277	       64	       69	       62	      127	      230	      208	      122	      284	      320	       66	      289	      287	       99	      149	      132	      127	
  598.81	      242	      275	       63	       68	       60	      130	      230	      206	      125	      286	      319	       68	      290	      287	      101	      149	      132	      127	
  600.81	      241	      278	       60	       68	       62	      121	      230	      208	      122	      286	      321	       66	      290	      289	       99	      148	      136	      119	
  602.81	      243	      278	       62	       69	       62	      128	      228	      209	      120	      283	      322	       64	      287	      290	       95	      145	      137	      111	
  604.81	      244	      276	       65	       70	       59	      138	      227	      208	      119	      283	      320	       65	      287	      288	       96	      144	      136	      110	
  606.81	      240	      278	       59	       67	       61	      120	      227	      210	      117	      284	      322	       64	      288	      291	       96	      145	      139	      108	
  608.81	      241	      277	       61	       67	       60	      127	      227	      209	      118	      285	      321	       66	      288	      289	       98	      144	      138	      108	
  610.81	      241	      276	       61	       68	       59	      131	      227	      210	      117	      284	      321	       65	      287	      290	       95	      144	      139	      106	
  612.86	      241	      276	       62	       68	       60	      129	      226	      210	      115	      284	      321	       65	      287	      291	       94	      144	      138	      107	
  614.86	      242	      276	       63	       69	       59	      134	      225	      211	      113	      282	      321	       63	      283	      291	       90	      143	      137	      109	
  616.86	      243	      276	       64	       69	       59	      136	      223	      212	      111	      282	      321	       63	      284	      292	       90	      146	      133	      120	
  618.86	      242	      277	       62	       69	       61	      127	      223	      215	      106	      281	      323	       61	      283	      294	       88	      148	      133	      124	
  620.86	      241	      277	       60	       67	       61	      119	      223	      216	      105	      283	      324	       62	      285	      295	       88	      154	      129	      143	
  622.86	      240	      278	       59	       67	       61	      120	      220	      216	      101	      278	      323	       58	      281	      295	       84	      150	      129	      136	
  624.91	      242	      278	       61	       70	       62	      128	      221	      217	      102	      281	      323	       60	      282	      296	       85	      151	      130	      136	
  626.91	      241	      279	       60	       69	       61	      128	      223	      218	      103	      284	      323	       63	      285	      296	       87	      154	      131	      138	
  628.91	      240	      278	       59	       67	       61	      121	      220	      218	      100	      282	      324	       61	      283	      296	       85	      150	      133	      128	
  630.91	      242	      278	       60	       70	       61	      128	      221	      220	      100	      283	      324	       62	      284	      297	       85	      150	      135	      124	
  632.91	      242	      278	       61	       69	       62	      127	      218	      221	       94	      280	      324	       59	      280	      297	       81	      145	      137	      111	
  634.91	      239	      277	       59	       68	       60	      129	      218	      219	       96	      281	      322	       61	      282	      295	       85	      145	      137	      112	
  636.91	      241	      277	       61	       70	       61	      129	      217	      222	       92	      279	      324	       58	      279	      298	       80	      142	      139	      102	
  638.91	      241	      275	       63	       70	       60	      136	      216	      221	       92	      279	      322	       59	      278	      297	       80	      141	      139	      102	
  640.91	      241	      276	       61	       69	       59	      137	      218	      220	       94	      281	      322	       62	      280	      297	       82	      142	      140	      102	
  642.91	      241	      275	       62	       69	       60	      135	      218	      221	       93	      281	      322	       61	      280	      297	       81	      142	      141	      100	
  644.91	      241	      278	       60	       69	       62	      126	      215	      223	       88	      278	      324	       57	      278	      299	       77	      139	      143	       91	
  646.91	      240	      276	       61	       69	       59	      137	      215	      221	       90	      278	      323	       58	      277	      297	       79	      139	      141	       95	
  648.91	      239	      278	       58	       67	       61	      121	      216	      223	       88	      280	      324	       59	      279	      301	       77	      142	      142	       97	
  650.95	      241	      277	       60	       69	       62	      127	      215	      224	       86	      278	      324	       57	      276	      302	       74	      142	      139	      103	
  652.95	      241	      276	       62	       70	       60	      136	      214	      222	       87	      278	      323	       58	      276	      299	       76	      148	      131	      128	
  655.00	      240	      277	       60	       70	       61	      129	      214	      226	       83	      278	      324	       57	      275	      302	       73	      150	      130	      134	
  657.00	      239	      278	       58	       68	       61	      121	      213	      226	       82	      278	      324	       57	      275	      302	       72	      151	      130	      136	
  659.00	      241	      278	       60	       70	       62	      127	      212	      227	       80	      277	      324	       56	      275	      302	       73	      150	      131	      131	
  661.00	      239	      275	       60	       68	       60	      129	      213	      225	       82	      279	      323	       59	      277	      301	       76	      150	      131	      132	
  663.00	      240	      277	       60	       69	       62	      125	      212	      227	       79	      277	      324	       57	      274	      302	       71	      147	      134	      119	
  665.05	      240	      275	       62	       69	       60	      134	      212	      226	       81	      277	      322	       58	      274	      301	       73	      146	      133	      119	
  667.05	      240	      278	       59	       70	       61	      128	      212	      227	       79	      277	      324	       56	      274	      303	       71	      145	      136	      114	
  669.05	      238	      275	       60	       67	       59	      128	      213	      225	       82	      279	      323	       59	      276	      300	       75	      147	      134	      120	
  671.05	      238	      277	       57	       67	       61	      119	      213	      227	       80	      279	      324	       58	      275	      303	       71	      149	      133	      126	
  673.05	      240	      275	       62	       69	       60	      134	      212	      225	       81	      277	      323	       57	      273	      301	       71	      149	      130	      131	
  675.05	      239	      277	       59	       70	       61	      130	      214	      227	       82	      281	      324	       59	      277	      304	       73	      152	      132	      133	
  677.05	      238	      275	       60	       68	       60	      131	      212	      226	       80	      278	      323	       58	      275	      302	       72	      150	      131	      130	
  679.05	      237	      275	       59	       67	       60	      127	      211	      227	       78	      278	      323	       59	      275	      303	       71	      148	      133	      125	
  681.05	      239	      275	       61	       69	       60	      134	      209	      227	       76	      276	      322	       57	      272	      303	       69	      145	      134	      116	
  683.05	      240	      277	       59	       70	       62	      128	      209	      229	       73	      276	      324	       56	      271	      304	       67	      143	      138	      107	
  685.09	      237	      276	       58	       67	       62	      118	      210	      229	       74	      278	      323	       57	      274	      304	       69	      144	      139	      107	
  687.09	      237	      276	       57	       67	       61	      120	      207	      229	       70	      274	      323	       54	      270	      304	       65	      140	      139	       99	
  689.14	      239	      276	       59	       69	       62	      127	      208	      230	       70	      275	      324	       55	      271	      304	       67	      142	      140	      101	
  691.14	      239	      276	       60	       69	       61	      127	      211	      231	       74	      280	      324	       59	      274	      305	       69	      146	      139	      109	
  693.14	      237	      274	       60	       68	       60	      128	      209	      229	       73	      278	      322	       59	      273	      303	       70	      144	      137	      110	
  695.14	      240	      275	       61	       69	       62	      126	      207	      231	       69	      276	      323	       56	      271	      305	       66	      142	      139	      103	
  697.19	      239	      275	       61	       70	       61	      128	      207	      231	       69	      275	      323	       56	      270	      304	       65	      142	      139	      102	
  699.19	      239	      276	       59	       70	       62	      127	      210	      232	       71	      280	      323	       59	      274	      305	       69	      145	      140	      107	
  701.19	      237	      273	       60	       68	       60	      130	      207	      230	       69	      278	      322	       59	      272	      303	       69	      143	      138	      107	
  703.19	      237	      274	       59	       68	       59	      129	      206	      231	       68	      277	      321	       59	      272	      303	       69	      143	      138	      106	
  705.19	      239	      274	       62	       69	       60	      135	      205	      231	       66	      275	      322	       57	      269	      303	       66	      141	      138	      104	
  707.19	      239	      274	       61	       70	       61	      130	      205	      233	       64	      276	      323	       56	      269	      305	       64	      141	      141	       98	
  709.19	      237	      273	       60	       68	       59	      129	      206	      232	       66	      278	      321	       59	      271	      303	       68	      142	      139	      103	
  711.19	      236	      272	       60	       68	       60	      128	      206	      232	       66	      277	      322	       59	      272	      303	       68	      141	      140	      100	
  713.19	      239	      273	       63	       69	       59	      136	      205	      232	       64	      275	      322	       56	      269	      303	       66	      139	      140	       96	
  715.24	      239	      275	       60	       70	       62	      127	      205	      234	       62	      276	      323	       56	      269	      306	       64	      139	      142	       92	
  717.24	      236	      274	       58	       68	       62	      121	      206	      234	       64	      277	      323	       58	      271	      305	       66	      141	      142	       97	
  719.24	      237	      273	       60	       68	       60	      128	      206	      232	       66	      277	      321	       59	      271	      303	       67	      143	      138	      107	
  721.24	      237	      273	       60	       67	       59	      130	      206	      232	       66	      277	      321	       59	      270	      304	       66	      147	      134	      120	
  723.24	      236	      272	       60	       68	       60	      129	      206	      232	       65	      277	      321	       59	      270	      304	       66	      147	      135	      118	
  725.24	      238	      274	       61	       69	       61	      128	      207	      234	       65	      279	      322	       59	      272	      306	       66	      148	      138	      115	
  727.24	      237	      272	       61	       67	       60	      128	      205	      232	       64	      278	      321	       60	      270	      304	       66	      145	      137	      111	
  729.24	      239	      274	       62	       69	       61	      126	      204	      235	       60	      275	      322	       56	      268	      305	       63	      141	      140	      101	
  731.24	      237	      272	       62	       67	       59	      127	      204	      233	       63	      277	      321	       59	      270	      304	       66	      142	      140	      102	
  733.24	      239	      274	       62	       69	       61	      128	      203	      235	       59	      275	      322	       56	      267	      307	       60	      141	      141	       98	
  735.24	      239	      276	       60	       69	       63	      119	      203	      237	       57	      275	      324	       55	      267	      308	       60	      142	      141	      100	
  737.24	      239	      273	       62	       69	       62	      127	      204	      235	       59	      275	      322	       56	      268	      307	       62	      141	      140	      100	
  739.24	      239	      272	       63	       70	       60	      136	      203	      233	       61	      275	      321	       58	      267	      304	       63	      141	      139	      101	
  741.24	      240	      272	       64	       69	       59	      135	      203	      233	       61	      276	      320	       58	      267	      305	       62	      140	      140	       98	
  743.24	      239	      273	       62	       69	       62	      127	      205	      236	       61	      280	      322	       61	      271	      306	       65	      143	      143	       98	
  745.24	      239	      274	       62	       69	       61	      128	      205	      236	       61	      277	      322	       58	      269	      307	       63	      140	      144	       92	
  747.24	      240	      273	       63	       70	       61	      131	      203	      236	       58	      276	      322	       57	      267	      307	       61	      138	      144	       84	
  749.24	      237	      271	       61	       67	       60	      128	      204	      234	       61	      277	      319	       60	      269	      304	       65	      139	      144	       88	
  751.24	      237	      273	       60	       68	       62	      120	      203	      237	       57	      278	      321	       59	      270	      306	       64	      138	      146	       83	
  753.28	      240	      273	       63	       70	       62	      129	      205	      237	       60	      280	      322	       60	      271	      307	       64	      140	      146	       85	
  755.28	      238	      271	       63	       67	       59	      129	      201	      235	       57	      276	      320	       58	      267	      304	       63	      136	      145	       80	
  757.28	      239	      274	       62	       69	       62	      126	      202	      236	       56	      276	      322	       57	      267	      307	       61	      135	      147	       76	
  759.28	      237	      271	       62	       68	       60	      127	      203	      235	       59	      278	      319	       60	      270	      304	       66	      137	      145	       83	
  761.28	      237	      270	       63	       68	       59	      129	      203	      235	       59	      278	      319	       60	      269	      304	       65	      137	      145	       82	
  763.28	      239	      272	       63	       69	       61	      127	      202	      236	       57	      276	      321	       57	      267	      306	       62	      135	      147	       75	
  765.28	      238	      271	       63	       67	       60	      126	      203	      234	       60	      278	      320	       60	      269	      304	       65	      137	      145	       82	
  767.33	      238	      271	       63	       70	       62	      127	      202	      236	       57	      276	      321	       58	      267	      306	       61	      135	      147	       76	
  769.33	      238	      270	       63	       67	       60	      126	      203	      234	       61	      277	      320	       60	      269	      304	       65	      137	      145	       82	
  771.33	      237	      270	       63	       68	       60	      129	      203	      234	       61	      277	      319	       60	      269	      305	       64	      137	      145	       81	
  773.33	      240	      272	       64	       69	       61	      128	      203	      235	       59	      275	      321	       57	      267	      306	       61	      135	      147	       75	
  775.33	      238	      270	       65	       69	       60	      135	      203	      233	       61	      275	      319	       59	      266	      304	       62	      135	      145	       78	
  777.33	      239	      272	       62	       69	       61	      128	      205	      235	       62	      279	      320	       61	      270	      306	       64	      139	      147	       82	
  779.33	      237	      270	       63	       68	       60	      130	      204	      233	       63	      277	      319	       60	      268	      304	       65	      137	      145	       82	
  781.38	      237	      271	       62	       68	       62	      122	      204	      234	       61	      278	      321	       60	      268	      306	       62	      137	      147	       79	
