Experiment_Code:		127
HEADER_INFORMATION
Dual_Wavelength_Imaging_With_Two_Object_Classes
Object_by_Object_Ratioing
Threshold=0
Red_Objects=	5	Green_Objects=	0
Reserved
Ion:				Ca++
Wavelength_A:			340
Wavelength_B:			380
A_Exposure_Time:		120
B_Exposure_Time:		30
Minimum_Ion_[nMol]:		0.000000
Maximum_Ion_[nMol]:		602.000000
Calibration_Filename:		dw120404#1.CAL
Calibration_A_Exposure_Time:	120.000000
Calibration_B_Exposure_Time:	30.000000
No._of_Calib._Table_Entries:	5
Ca++	Ratio
  0.00	0.572811
 38.00	0.789131
100.00	1.005634
225.00	1.552722
602.00	2.884055
Image_Width:			696
Image_Height:			512
Number_of_Time_Points:		484
Number_of_Objects:		5
Event_Times			0
Horizontal_Binning=2
Vertical_Binning=2
Reserved
DATA_AFTER_THIS_LINE
Time[seconds]	  340[01]	  380[01]	 Ca++[01]	  340[02]	  380[02]	 Ca++[02]	  340[03]	  380[03]	 Ca++[03]	  340[04]	  380[04]	 Ca++[04]	  340[05]	  380[05]	 Ca++[05]	
    0.23	      110	      110	       97	       94	       85	      121	      252	      293	       58	      197	      227	       60	      206	      227	       71	
    2.23	      110	      110	       97	       94	       86	      119	      251	      293	       57	      197	      227	       60	      206	      228	       70	
    4.23	      110	      110	       98	       94	       86	      118	      252	      293	       57	      197	      227	       60	      206	      228	       71	
    6.23	      112	      110	      101	       96	       86	      126	      254	      294	       59	      199	      227	       63	      207	      228	       72	
    8.23	      110	      110	       98	       93	       86	      118	      252	      293	       58	      197	      227	       60	      206	      228	       70	
   10.23	      109	      110	       96	       93	       86	      119	      251	      293	       57	      197	      227	       60	      205	      228	       70	
   12.23	      110	      110	       97	       94	       86	      119	      252	      293	       57	      197	      227	       60	      205	      228	       69	
   14.23	      110	      108	      101	       93	       83	      125	      252	      291	       59	      197	      225	       63	      205	      227	       71	
   16.23	      110	      110	       96	       93	       86	      118	      252	      293	       58	      197	      227	       60	      205	      228	       69	
   18.23	      110	      108	      101	       93	       83	      125	      252	      291	       59	      197	      225	       63	      206	      226	       72	
   20.23	      110	      106	      106	       94	       81	      133	      252	      289	       61	      197	      223	       65	      206	      224	       76	
   22.23	      110	      110	       96	       93	       86	      117	      252	      293	       58	      197	      227	       60	      206	      228	       70	
   24.23	      110	      108	      101	       93	       83	      126	      252	      290	       60	      197	      225	       62	      205	      226	       72	
   26.23	      110	      108	      101	       94	       84	      126	      252	      291	       59	      197	      225	       62	      206	      226	       72	
   28.23	      109	      112	       91	       93	       89	      110	      252	      295	       56	      197	      229	       58	      205	      228	       70	
   30.23	      109	      108	      100	       93	       83	      125	      251	      291	       59	      197	      225	       63	      206	      226	       72	
   32.23	      110	      110	       97	       93	       86	      118	      252	      292	       58	      197	      227	       60	      206	      228	       71	
   34.23	      110	      108	      102	       94	       84	      125	      251	      291	       59	      197	      225	       62	      205	      226	       72	
   36.23	      109	      108	      101	       93	       84	      124	      252	      291	       60	      197	      225	       62	      206	      226	       72	
   38.23	      110	      110	       97	       93	       86	      119	      252	      293	       58	      197	      227	       60	      206	      227	       71	
   40.23	      110	      110	       97	       93	       86	      118	      252	      293	       58	      197	      226	       61	      206	      228	       70	
   42.23	      110	      108	      101	       94	       83	      126	      252	      291	       60	      197	      225	       63	      206	      226	       72	
   44.23	      110	      110	       96	       93	       86	      117	      251	      292	       58	      197	      226	       61	      206	      228	       71	
   46.23	      108	      108	       97	       92	       84	      120	      250	      290	       58	      195	      225	       60	      204	      226	       70	
   48.23	      110	      108	      101	       94	       83	      128	      252	      291	       59	      197	      225	       62	      206	      226	       73	
   50.23	      110	      108	      101	       93	       84	      125	      252	      291	       59	      197	      225	       63	      206	      226	       72	
   52.23	      110	      108	      101	       94	       83	      126	      252	      290	       60	      197	      225	       62	      206	      226	       72	
   54.23	      109	      110	       97	       93	       86	      117	      251	      292	       58	      197	      226	       61	      206	      228	       70	
   56.23	      110	      108	      101	       93	       83	      125	      251	      291	       59	      197	      225	       62	      206	      226	       72	
   58.23	      110	      106	      106	       94	       81	      135	      252	      288	       62	      197	      223	       64	      206	      224	       75	
   60.23	      109	      108	      101	       93	       84	      124	      251	      291	       59	      197	      225	       62	      206	      226	       72	
   62.23	      110	      108	      101	       94	       84	      127	      251	      290	       59	      197	      225	       62	      205	      226	       72	
   64.23	      110	      108	      102	       93	       84	      125	      251	      290	       59	      197	      225	       63	      205	      226	       72	
   66.23	      110	      108	      101	       94	       84	      126	      251	      289	       60	      197	      225	       63	      206	      227	       71	
   68.23	      112	      108	      105	       96	       84	      132	      252	      290	       61	      199	      225	       65	      207	      226	       74	
   70.23	      110	      108	      102	       94	       84	      125	      250	      289	       59	      197	      225	       62	      205	      226	       71	
   72.23	      110	      108	      102	       93	       83	      125	      250	      290	       59	      196	      224	       62	      205	      226	       72	
   74.23	      110	      108	      102	       94	       83	      127	      250	      289	       59	      196	      224	       62	      205	      226	       72	
   76.23	      110	      108	      102	       93	       83	      126	      250	      289	       60	      196	      224	       62	      205	      226	       72	
   78.23	      110	      110	       97	       93	       86	      119	      250	      291	       57	      197	      226	       61	      205	      228	       69	
   80.23	      108	      110	       92	       91	       86	      113	      247	      291	       55	      195	      226	       58	      203	      228	       67	
   82.23	      110	      110	       97	       94	       86	      119	      249	      290	       57	      197	      226	       61	      205	      228	       70	
   84.23	      109	      110	       97	       93	       86	      118	      249	      291	       57	      196	      226	       61	      205	      228	       69	
   86.23	      110	      110	       97	       93	       86	      118	      249	      290	       58	      196	      226	       60	      205	      228	       70	
   88.23	      110	      110	       97	       94	       86	      118	      250	      290	       58	      196	      226	       61	      205	      228	       69	
   90.23	      109	      110	       97	       94	       86	      119	      249	      290	       58	      197	      225	       61	      205	      228	       69	
   92.23	      110	      108	      102	       93	       84	      124	      249	      289	       59	      197	      224	       63	      205	      226	       71	
   94.23	      110	      108	      102	       94	       84	      124	      250	      288	       60	      197	      224	       63	      205	      226	       71	
   96.23	      109	      108	      101	       94	       84	      125	      249	      288	       59	      197	      224	       64	      205	      226	       72	
   98.23	      110	      110	       97	       94	       85	      120	      249	      290	       58	      197	      225	       62	      205	      228	       70	
  100.23	      111	      108	      106	       96	       83	      132	      252	      288	       62	      198	      224	       66	      206	      225	       74	
  102.23	      109	      110	       96	       94	       86	      117	      249	      290	       58	      196	      225	       61	      205	      227	       70	
  104.23	      109	      108	      102	       93	       83	      126	      249	      288	       60	      196	      224	       62	      205	      225	       72	
  106.23	      110	      108	      101	       93	       83	      126	      249	      288	       59	      196	      224	       63	      205	      225	       73	
  108.23	      109	      110	       97	       93	       87	      116	      250	      290	       58	      196	      225	       61	      205	      227	       69	
  110.23	      109	      110	       96	       94	       86	      120	      249	      290	       58	      196	      225	       61	      205	      227	       70	
  112.23	      109	      108	      101	       93	       83	      125	      250	      288	       60	      196	      223	       63	      205	      225	       72	
  114.23	      110	      108	      101	       93	       83	      126	      249	      287	       60	      196	      223	       63	      204	      226	       71	
  116.23	      109	      108	      101	       94	       84	      125	      250	      288	       60	      196	      224	       63	      205	      225	       72	
  118.23	      109	      110	       97	       93	       86	      117	      249	      290	       58	      196	      225	       61	      204	      227	       70	
  120.23	      110	      108	      102	       93	       83	      126	      250	      287	       60	      196	      223	       63	      204	      225	       72	
  122.23	      108	      108	       97	       91	       83	      120	      247	      287	       58	      194	      223	       61	      203	      225	       69	
  124.23	      109	      108	      101	       93	       84	      124	      249	      287	       60	      196	      223	       63	      204	      225	       72	
  126.23	      109	      108	      100	       93	       84	      124	      250	      287	       60	      196	      223	       63	      205	      225	       72	
  128.23	      109	      110	       96	       94	       86	      119	      249	      289	       58	      196	      225	       62	      204	      227	       70	
  130.23	      110	      108	      101	       93	       84	      125	      249	      288	       60	      196	      223	       63	      205	      225	       71	
  132.23	      109	      110	       96	       94	       86	      120	      249	      289	       59	      196	      224	       62	      205	      227	       70	
  134.23	      109	      110	       96	       93	       86	      117	      249	      289	       59	      196	      225	       62	      204	      227	       69	
  136.23	      109	      108	      101	       93	       84	      124	      249	      287	       60	      196	      223	       64	      204	      225	       71	
  138.23	      109	      110	       97	       93	       86	      118	      249	      289	       59	      196	      225	       62	      205	      227	       71	
  140.23	      109	      108	      101	       93	       83	      126	      249	      288	       60	      196	      223	       64	      204	      225	       72	
  142.23	      109	      110	       96	       93	       86	      118	      248	      290	       57	      196	      224	       62	      205	      227	       70	
  144.23	      109	      108	      101	       93	       83	      126	      249	      287	       60	      196	      222	       64	      205	      225	       72	
  146.23	      109	      108	      101	       94	       83	      127	      249	      288	       59	      196	      222	       64	      204	      225	       72	
  148.23	      109	      110	       96	       93	       86	      116	      249	      290	       57	      196	      224	       62	      204	      227	       69	
  150.23	      109	      108	      101	       93	       83	      126	      249	      287	       60	      196	      222	       64	      204	      225	       72	
  152.23	      109	      108	      101	       93	       84	      124	      249	      287	       60	      196	      222	       64	      204	      225	       71	
  154.23	      109	      110	       97	       93	       86	      117	      249	      288	       59	      196	      224	       62	      205	      226	       70	
  156.23	      109	      110	       97	       93	       86	      119	      248	      289	       57	      196	      224	       62	      205	      227	       70	
  158.23	      109	      106	      106	       93	       81	      133	      249	      285	       62	      196	      221	       66	      205	      223	       74	
  160.23	      111	      110	      100	       95	       86	      124	      250	      288	       60	      198	      224	       65	      206	      227	       72	
  162.23	      109	      108	      101	       93	       83	      126	      249	      286	       61	      196	      222	       64	      205	      225	       72	
  164.23	      109	      110	       96	       93	       86	      118	      249	      289	       58	      196	      224	       62	      204	      227	       70	
  166.23	      109	      108	      101	       94	       83	      128	      249	      286	       61	      196	      223	       63	      204	      225	       72	
  168.23	      109	      110	       96	       93	       85	      118	      249	      289	       59	      196	      224	       62	      204	      227	       69	
  170.23	      109	      110	       96	       93	       85	      119	      249	      288	       59	      196	      223	       63	      204	      227	       70	
  172.23	      109	      108	      102	       93	       83	      126	      249	      286	       61	      196	      222	       65	      205	      225	       72	
  174.23	      109	      108	      102	       93	       83	      126	      249	      287	       60	      196	      222	       64	      204	      225	       71	
  176.23	      109	      108	      101	       93	       83	      126	      249	      286	       60	      196	      222	       64	      204	      224	       72	
  178.23	      109	      109	       97	       93	       86	      118	      248	      288	       59	      196	      224	       62	      204	      226	       70	
  180.23	      109	      108	      101	       93	       83	      125	      248	      286	       60	      196	      222	       64	      204	      224	       73	
  182.23	      109	      108	      102	       93	       83	      125	      249	      287	       60	      196	      222	       64	      204	      225	       72	
  184.23	      109	      110	       97	       94	       86	      119	      248	      288	       59	      196	      224	       62	      204	      226	       69	
  186.23	      109	      108	      101	       93	       83	      126	      249	      286	       61	      196	      222	       64	      205	      225	       72	
  188.23	      109	      108	      101	       93	       83	      125	      248	      286	       61	      196	      222	       64	      205	      224	       74	
  190.23	      109	      107	      102	       93	       83	      124	      249	      285	       62	      196	      221	       65	      205	      223	       75	
  192.23	      109	      108	      102	       93	       83	      125	      250	      285	       63	      196	      221	       66	      207	      221	       79	
  194.23	      109	      109	       97	       93	       86	      118	      250	      286	       61	      197	      221	       68	      208	      222	       80	
  196.23	      109	      109	       98	       93	       85	      119	      250	      286	       62	      199	      219	       72	      211	      218	       89	
  198.23	      110	      109	       99	       94	       85	      120	      251	      285	       63	      200	      217	       76	      217	      210	      105	
  200.23	      110	      107	      104	       93	       83	      124	      251	      283	       66	      202	      214	       81	      251	      161	      227	
  202.23	      110	      107	      106	       93	       83	      127	      252	      282	       68	      202	      214	       82	      273	      144	      320	
  204.23	      111	      106	      109	       93	       83	      126	      252	      282	       68	      202	      213	       83	      270	      148	      301	
  206.23	      113	      105	      116	       93	       86	      119	      253	      282	       68	      203	      215	       82	      266	      154	      272	
  208.23	      114	      104	      121	       93	       86	      119	      253	      282	       69	      202	      215	       81	      260	      161	      244	
  210.23	      115	      101	      129	       93	       83	      125	      254	      280	       71	      202	      213	       83	      255	      166	      221	
  212.23	      115	      103	      124	       93	       86	      118	      254	      282	       70	      202	      215	       81	      249	      174	      197	
  214.23	      115	      103	      124	       93	       86	      118	      254	      281	       70	      202	      215	       80	      244	      181	      179	
  216.23	      115	      103	      123	       93	       86	      119	      254	      281	       70	      202	      215	       80	      238	      187	      161	
  218.23	      114	      102	      127	       93	       83	      125	      254	      279	       72	      202	      214	       82	      234	      190	      150	
  220.23	      115	      101	      129	       94	       83	      127	      255	      278	       74	      202	      214	       81	      230	      195	      138	
  222.23	      115	      103	      124	       93	       86	      118	      256	      280	       73	      201	      216	       78	      227	      200	      128	
  224.23	      115	       99	      136	       93	       80	      134	      255	      276	       76	      201	      213	       82	      224	      200	      125	
  226.23	      115	      101	      131	       93	       83	      125	      256	      276	       76	      201	      215	       79	      221	      205	      116	
  228.23	      115	      102	      126	       93	       85	      121	      256	      278	       75	      200	      217	       75	      219	      209	      110	
  230.23	      115	      101	      131	       94	       83	      127	      257	      276	       78	      200	      216	       77	      217	      209	      107	
  232.23	      115	      103	      124	       93	       85	      119	      257	      279	       75	      200	      218	       74	      216	      212	      102	
  234.23	      114	      102	      127	       93	       84	      125	      257	      276	       79	      199	      216	       76	      215	      212	      101	
  236.23	      114	      102	      125	       93	       83	      127	      257	      276	       78	      199	      216	       76	      214	      213	       99	
  238.23	      113	      102	      123	       93	       83	      125	      258	      275	       80	      199	      217	       75	      213	      214	       97	
  240.23	      113	      103	      121	       94	       83	      126	      258	      275	       80	      199	      217	       74	      212	      214	       95	
  242.23	      115	      105	      118	       96	       86	      125	      260	      276	       81	      200	      219	       74	      214	      217	       94	
  244.23	      112	      106	      113	       93	       85	      118	      259	      276	       80	      198	      219	       71	      211	      218	       88	
  246.23	      112	      106	      110	       93	       85	      120	      259	      275	       81	      198	      219	       71	      210	      219	       87	
  248.23	      111	      107	      108	       93	       85	      119	      260	      274	       83	      198	      219	       70	      210	      219	       87	
  250.23	      111	      105	      111	       93	       83	      125	      260	      272	       86	      198	      218	       72	      210	      217	       88	
  252.23	      111	      103	      114	       93	       80	      135	      261	      270	       88	      198	      216	       74	      210	      215	       92	
  254.23	      111	      108	      105	       93	       86	      117	      260	      275	       83	      198	      220	       69	      210	      220	       85	
  256.23	      110	      106	      107	       93	       83	      128	      260	      273	       85	      198	      218	       71	      209	      218	       86	
  258.23	      110	      106	      106	       93	       83	      124	      260	      273	       84	      197	      218	       70	      209	      218	       86	
  260.23	      110	      106	      106	       93	       83	      127	      260	      273	       84	      198	      218	       71	      209	      218	       86	
  262.23	      112	      106	      110	       95	       83	      131	      261	      272	       87	      199	      218	       73	      211	      218	       89	
  264.23	      110	      107	      104	       93	       83	      126	      260	      272	       86	      197	      218	       70	      209	      218	       86	
  266.23	      110	      107	      104	       94	       83	      127	      262	      271	       88	      197	      218	       70	      209	      218	       87	
  268.23	      110	      109	      100	       93	       85	      118	      262	      271	       89	      197	      220	       69	      210	      220	       84	
  270.23	      109	      109	       99	       93	       86	      117	      264	      271	       90	      197	      220	       68	      210	      220	       85	
  272.23	      109	      107	      103	       93	       83	      128	      264	      267	       95	      197	      218	       70	      209	      217	       88	
  274.23	      109	      107	      102	       93	       83	      126	      266	      265	       99	      197	      218	       70	      210	      217	       89	
  276.23	      109	      105	      108	       93	       80	      135	      268	      260	      105	      197	      216	       72	      211	      214	       94	
  278.23	      109	      107	      102	       93	       83	      126	      271	      258	      110	      197	      218	       70	      211	      216	       90	
  280.23	      109	      107	      103	       93	       83	      126	      276	      252	      120	      197	      218	       70	      210	      216	       90	
  282.23	      109	      107	      103	       93	       83	      126	      287	      237	      146	      197	      218	       70	      211	      216	       91	
  284.23	      109	      107	      102	       94	       83	      127	      323	      194	      255	      197	      218	       71	      211	      216	       91	
  286.23	      107	      109	       94	       90	       85	      112	      331	      186	      288	      195	      219	       67	      209	      217	       87	
  288.23	      111	      109	      103	       95	       85	      126	      332	      190	      280	      199	      219	       72	      213	      217	       92	
  290.23	      111	      107	      107	       95	       83	      131	      326	      195	      258	      200	      217	       75	      213	      215	       95	
  292.23	      109	      107	      103	       93	       83	      124	      316	      204	      224	      199	      215	       76	      211	      216	       91	
  294.23	      109	      107	      103	       93	       83	      127	      309	      213	      201	      200	      214	       78	      211	      216	       91	
  296.23	      109	      107	      103	       93	       83	      126	      301	      222	      179	      200	      213	       80	      211	      216	       91	
  298.23	      109	      109	       97	       93	       85	      119	      294	      232	      159	      200	      215	       79	      211	      217	       89	
  300.23	      109	      109	       98	       93	       85	      121	      289	      239	      145	      201	      214	       80	      211	      216	       91	
  302.23	      109	      107	      102	       93	       83	      126	      283	      243	      137	      201	      212	       83	      211	      214	       94	
  304.23	      111	      109	      102	       96	       85	      126	      281	      251	      126	      203	      214	       84	      214	      216	       95	
  306.23	      109	      109	       98	       93	       85	      119	      275	      255	      116	      201	      214	       81	      212	      216	       93	
  308.23	      109	      107	      103	       94	       82	      129	      272	      257	      111	      201	      212	       83	      212	      214	       96	
  310.23	      109	      107	      102	       93	       83	      127	      269	      259	      107	      201	      212	       83	      213	      213	       98	
  312.23	      109	      107	      102	       93	       83	      125	      267	      262	      102	      201	      213	       82	      213	      212	       99	
  314.23	      111	      107	      106	       95	       83	      131	      267	      265	      100	      202	      213	       84	      216	      212	      103	
  316.23	      109	      111	       93	       93	       88	      111	      263	      271	       89	      200	      217	       76	      215	      214	       98	
  318.23	      109	      105	      107	       93	       80	      135	      261	      266	       92	      200	      211	       82	      215	      207	      106	
  320.23	      111	      109	      102	       96	       85	      126	      262	      271	       88	      201	      216	       79	      218	      210	      107	
  322.23	      107	      107	       98	       91	       83	      120	      257	      272	       82	      197	      214	       75	      215	      207	      108	
  324.23	      111	      109	      102	       95	       85	      126	      260	      274	       83	      201	      216	       77	      221	      206	      114	
  326.23	      109	      107	      102	       93	       83	      127	      258	      273	       83	      199	      215	       77	      221	      203	      119	
  328.23	      109	      107	      102	       93	       83	      126	      256	      274	       79	      199	      215	       76	      225	      198	      129	
  330.23	      109	      105	      107	       93	       80	      136	      256	      273	       80	      198	      213	       77	      231	      188	      149	
  332.23	      109	      109	       97	       93	       86	      118	      255	      278	       75	      198	      217	       72	      250	      168	      210	
  334.23	      109	      107	      102	       93	       83	      126	      254	      277	       74	      198	      215	       75	      269	      146	      305	
  336.23	      109	      107	      102	       93	       83	      126	      253	      277	       73	      198	      216	       74	      269	      146	      304	
  338.23	      109	      105	      106	       93	       80	      134	      253	      276	       74	      198	      214	       76	      265	      149	      289	
  340.23	      109	      109	       98	       93	       85	      118	      252	      280	       69	      198	      218	       72	      260	      159	      247	
  342.23	      109	      107	      102	       93	       83	      124	      252	      279	       71	      197	      216	       73	      254	      164	      222	
  344.23	      109	      109	       98	       93	       86	      118	      251	      281	       68	      197	      218	       70	      247	      174	      194	
  346.23	      109	      107	      102	       93	       82	      127	      251	      280	       69	      197	      216	       72	      241	      179	      178	
  348.23	      109	      107	      103	       93	       83	      125	      251	      280	       68	      197	      217	       71	      235	      186	      158	
  350.23	      111	      109	      102	       95	       85	      126	      252	      282	       68	      198	      218	       72	      233	      194	      144	
  352.23	      109	      107	      102	       93	       83	      126	      250	      280	       68	      196	      217	       71	      226	      197	      132	
  354.23	      109	      111	       93	       93	       88	      112	      250	      283	       64	      196	      221	       66	      223	      203	      121	
  356.23	      111	      107	      107	       95	       83	      131	      252	      280	       69	      198	      217	       73	      222	      204	      117	
  358.23	      109	      109	       98	       93	       86	      118	      250	      282	       65	      196	      219	       68	      217	      209	      106	
  360.23	      109	      109	       98	       93	       85	      119	      249	      282	       65	      196	      219	       68	      215	      211	      102	
  362.23	      108	      107	      101	       93	       83	      126	      249	      280	       67	      198	      217	       72	      216	      211	      103	
  364.23	      109	      107	      103	       93	       83	      125	      249	      280	       66	      196	      217	       70	      212	      213	       96	
  366.23	      109	      109	       98	       93	       85	      118	      249	      282	       64	      195	      219	       67	      211	      216	       91	
  368.23	      109	      109	       98	       93	       85	      117	      248	      282	       63	      196	      219	       68	      210	      217	       88	
  370.23	      109	      109	       98	       94	       86	      119	      249	      283	       64	      196	      219	       68	      210	      217	       88	
  372.23	      109	      107	      103	       93	       83	      127	      249	      280	       66	      196	      217	       70	      209	      216	       88	
  374.23	      109	      107	      103	       93	       83	      127	      248	      280	       65	      196	      217	       70	      208	      217	       87	
  376.23	      109	      109	       99	       93	       85	      119	      248	      283	       63	      196	      219	       68	      208	      219	       84	
  378.23	      109	      109	       99	       93	       85	      119	      248	      283	       63	      196	      218	       68	      208	      220	       83	
  380.23	      109	      109	       98	       93	       86	      118	      248	      283	       63	      196	      218	       69	      207	      220	       81	
  382.23	      109	      107	      102	       93	       83	      127	      248	      281	       64	      196	      217	       70	      207	      219	       83	
  384.23	      109	      107	      102	       93	       83	      125	      248	      280	       65	      196	      217	       70	      207	      219	       82	
  386.23	      109	      107	      103	       93	       83	      126	      248	      281	       64	      196	      217	       71	      207	      219	       82	
  388.23	      109	      109	       99	       93	       85	      119	      248	      283	       62	      196	      218	       68	      207	      221	       79	
  390.23	      109	      107	      102	       93	       83	      126	      247	      280	       65	      196	      216	       71	      206	      219	       81	
  392.23	      109	      109	       99	       93	       85	      117	      248	      282	       63	      195	      218	       68	      206	      221	       78	
  394.23	      109	      107	      102	       93	       83	      127	      248	      280	       65	      196	      216	       71	      206	      219	       81	
  396.23	      109	      109	       99	       93	       85	      118	      249	      281	       65	      195	      218	       68	      206	      221	       78	
  398.23	      109	      109	       98	       93	       85	      119	      248	      282	       63	      196	      218	       69	      206	      221	       79	
  400.23	      109	      107	      103	       93	       83	      124	      247	      280	       64	      196	      216	       72	      207	      220	       81	
  402.23	      109	      107	      103	       93	       83	      126	      247	      280	       64	      196	      216	       72	      206	      220	       80	
  404.23	      109	      107	      102	       93	       83	      126	      248	      280	       65	      196	      216	       72	      207	      220	       81	
  406.23	      109	      107	      103	       93	       83	      126	      248	      280	       65	      196	      216	       71	      206	      219	       82	
  408.23	      109	      109	       99	       93	       85	      119	      248	      282	       64	      196	      217	       70	      206	      221	       79	
  410.23	      109	      105	      108	       93	       80	      133	      247	      277	       67	      196	      213	       75	      207	      217	       85	
  412.23	      107	      111	       89	       91	       88	      107	      245	      283	       59	      194	      219	       65	      205	      223	       75	
  414.23	      111	      107	      107	       95	       83	      133	      249	      280	       66	      198	      215	       75	      208	      219	       85	
  416.23	      111	      107	      107	       95	       83	      133	      249	      280	       67	      198	      215	       76	      208	      219	       84	
  418.23	      109	      107	      103	       93	       83	      124	      247	      279	       65	      196	      215	       74	      206	      218	       83	
  420.23	      109	      109	       98	       93	       85	      120	      247	      281	       63	      196	      216	       72	      206	      221	       80	
  422.23	      109	      109	       99	       93	       85	      119	      247	      281	       64	      197	      216	       73	      206	      220	       80	
  424.23	      109	      109	       98	       93	       85	      118	      247	      281	       64	      197	      216	       73	      206	      220	       80	
  426.23	      109	      105	      107	       93	       80	      137	      247	      277	       67	      197	      211	       79	      206	      216	       84	
  428.23	      109	      107	      104	       93	       83	      127	      248	      278	       66	      198	      211	       80	      206	      218	       82	
  430.23	      111	      106	      109	       96	       82	      135	      250	      278	       69	      202	      210	       87	      209	      218	       86	
  432.23	      109	      109	       98	       93	       86	      117	      248	      280	       65	      201	      211	       85	      207	      220	       81	
  434.23	      109	      107	      103	       93	       82	      127	      248	      278	       67	      201	      208	       89	      207	      217	       85	
  436.23	      109	      107	      102	       93	       83	      126	      247	      278	       66	      201	      208	       89	      207	      217	       84	
  438.23	      109	      107	      103	       92	       82	      126	      247	      278	       66	      202	      207	       90	      206	      218	       83	
  440.23	      109	      109	       99	       94	       85	      120	      248	      279	       66	      202	      209	       88	      207	      219	       82	
  442.23	      111	      109	      103	       95	       85	      125	      250	      280	       67	      204	      209	       90	      208	      219	       84	
  444.23	      109	      107	      103	       93	       83	      125	      248	      277	       68	      202	      207	       90	      206	      218	       83	
  446.23	      109	      109	       98	       92	       85	      118	      248	      279	       66	      202	      210	       87	      206	      220	       81	
  448.23	      109	      109	       98	       93	       86	      118	      248	      279	       66	      201	      209	       87	      207	      220	       81	
  450.23	      109	      107	      104	       93	       83	      127	      248	      277	       68	      201	      208	       89	      207	      218	       84	
  452.23	      109	      108	       99	       93	       85	      117	      248	      279	       66	      201	      209	       87	      207	      219	       82	
  454.23	      111	      106	      109	       95	       83	      131	      249	      277	       69	      203	      208	       91	      209	      216	       88	
  456.23	      109	      108	      100	       93	       85	      119	      247	      279	       66	      201	      209	       87	      207	      218	       84	
  458.23	      109	      108	      100	       93	       85	      120	      247	      279	       66	      201	      209	       87	      209	      217	       87	
  460.23	      109	      108	      101	       93	       85	      119	      248	      279	       66	      201	      210	       86	      208	      217	       86	
  462.23	      109	      108	      100	       93	       85	      119	      248	      279	       67	      201	      210	       86	      209	      216	       88	
  464.23	      110	      106	      105	       93	       83	      126	      248	      276	       69	      200	      208	       87	      209	      214	       91	
  466.23	      109	      108	      101	       93	       85	      118	      249	      278	       68	      200	      211	       83	      209	      216	       89	
  468.23	      111	      108	      105	       95	       85	      126	      250	      277	       70	      201	      211	       85	      211	      215	       92	
  470.23	      109	      106	      104	       93	       83	      126	      249	      276	       70	      199	      209	       84	      210	      213	       94	
  472.23	      110	      106	      105	       93	       83	      126	      249	      275	       70	      199	      210	       84	      210	      213	       94	
  474.23	      110	      108	      101	       93	       85	      118	      248	      277	       68	      199	      212	       81	      212	      214	       95	
  476.23	      109	      106	      105	       92	       83	      125	      248	      275	       70	      198	      210	       82	      212	      211	       99	
  478.23	      109	      110	       97	       93	       88	      110	      249	      279	       67	      198	      214	       76	      213	      214	       96	
  480.23	      110	      106	      106	       93	       83	      125	      249	      274	       72	      198	      211	       80	      213	      210	      102	
  482.23	      110	      108	      103	       93	       85	      119	      249	      275	       71	      197	      213	       77	      214	      209	      103	
  484.23	      110	      106	      107	       93	       83	      125	      250	      273	       73	      197	      211	       79	      215	      206	      108	
  486.23	      110	      106	      108	       93	       83	      126	      250	      274	       73	      197	      211	       79	      218	      203	      115	
  488.23	      110	      107	      104	       93	       85	      118	      249	      275	       71	      197	      213	       76	      223	      198	      127	
  490.23	      109	      104	      108	       91	       83	      120	      248	      274	       71	      195	      212	       75	      233	      181	      163	
  492.23	      112	      103	      117	       93	       83	      126	      249	      273	       73	      197	      212	       78	      264	      147	      294	
  494.23	      112	      103	      118	       93	       82	      127	      249	      274	       72	      196	      212	       77	      267	      145	      305	
  496.23	      112	      103	      118	       93	       83	      126	      250	      273	       74	      196	      212	       77	      264	      149	      286	
  498.23	      112	      107	      109	       93	       88	      112	      250	      277	       70	      196	      216	       73	      259	      159	      246	
  500.23	      112	      105	      112	       93	       85	      119	      249	      275	       71	      197	      213	       76	      253	      165	      219	
  502.23	      112	      103	      116	       92	       83	      124	      249	      273	       73	      196	      211	       77	      246	      171	      197	
  504.23	      112	      107	      107	       93	       88	      109	      249	      277	       69	      196	      215	       73	      239	      183	      168	
  506.23	      109	      106	      106	       90	       86	      111	      247	      275	       70	      194	      213	       73	      231	      188	      151	
  508.23	      111	      104	      114	       93	       83	      127	      249	      274	       72	      196	      211	       78	      228	      193	      140	
  510.23	      111	      106	      108	       93	       85	      120	      249	      275	       72	      197	      213	       76	      224	      199	      126	
  512.23	      111	      103	      116	       93	       80	      137	      249	      271	       75	      196	      209	       80	      220	      200	      121	
  514.23	      112	      107	      110	       95	       85	      124	      251	      275	       73	      198	      213	       78	      219	      207	      111	
  516.23	      110	      107	      105	       93	       85	      118	      248	      275	       70	      196	      213	       75	      214	      210	      102	
  518.23	      108	      105	      105	       90	       83	      118	      247	      273	       71	      194	      211	       75	      210	      210	       98	
  520.23	      110	      106	      107	       93	       83	      124	      250	      272	       74	      196	      211	       78	      210	      212	       95	
  522.23	      110	      108	      103	       93	       85	      119	      250	      274	       72	      196	      213	       75	      209	      216	       89	
  524.23	      110	      106	      107	       93	       83	      125	      249	      273	       73	      196	      211	       77	      208	      215	       89	
  526.23	      109	      106	      106	       93	       83	      125	      249	      272	       74	      196	      211	       76	      208	      216	       87	
  528.23	      109	      106	      106	       93	       83	      127	      250	      272	       75	      196	      211	       78	      207	      216	       85	
  530.23	      109	      108	      100	       93	       85	      118	      250	      274	       73	      196	      212	       76	      206	      219	       81	
  532.23	      109	      106	      105	       93	       83	      125	      250	      271	       76	      196	      210	       78	      205	      218	       81	
  534.23	      109	      107	      104	       93	       83	      124	      250	      271	       76	      196	      211	       78	      205	      218	       81	
  536.23	      111	      108	      105	       95	       85	      125	      252	      272	       77	      198	      212	       78	      207	      220	       80	
  538.23	      109	      106	      104	       93	       83	      127	      251	      271	       77	      196	      210	       78	      205	      219	       80	
  540.23	      109	      108	      100	       93	       86	      118	      250	      272	       75	      196	      213	       76	      204	      221	       76	
  542.23	      109	      108	      100	       93	       86	      117	      250	      272	       75	      196	      213	       75	      205	      222	       76	
  544.23	      109	      106	      103	       93	       83	      126	      250	      271	       76	      196	      211	       78	      204	      219	       78	
  546.23	      111	      107	      108	       95	       83	      132	      252	      270	       79	      198	      211	       81	      207	      219	       81	
  548.23	      109	      108	       99	       93	       85	      119	      251	      272	       75	      196	      212	       76	      204	      221	       76	
  550.23	      109	      104	      109	       93	       80	      135	      250	      268	       79	      196	      209	       81	      204	      218	       81	
  552.23	      109	      108	      100	       93	       85	      119	      250	      272	       75	      196	      212	       77	      204	      221	       76	
  554.23	      109	      106	      104	       93	       83	      126	      251	      269	       79	      196	      210	       79	      204	      220	       77	
  556.23	      109	      108	      100	       93	       86	      118	      252	      272	       77	      196	      212	       77	      204	      222	       75	
  558.23	      109	      108	      100	       93	       86	      118	      252	      271	       78	      197	      212	       78	      204	      221	       75	
  560.23	      109	      105	      106	       93	       83	      126	      252	      268	       81	      197	      210	       80	      204	      220	       77	
  562.23	      109	      108	      101	       93	       85	      119	      252	      270	       79	      197	      211	       78	      204	      221	       75	
  564.23	      109	      106	      105	       93	       83	      126	      253	      268	       82	      197	      210	       80	      204	      219	       77	
  566.23	      109	      106	      104	       93	       83	      127	      254	      267	       83	      197	      209	       82	      204	      220	       77	
  568.23	      109	      108	      100	       93	       85	      119	      254	      268	       82	      197	      211	       79	      203	      222	       74	
  570.23	      109	      104	      109	       93	       80	      135	      253	      265	       86	      197	      206	       85	      203	      218	       79	
  572.23	      109	      106	      104	       93	       83	      125	      254	      266	       86	      198	      208	       84	      204	      220	       76	
  574.23	      109	      104	      109	       93	       80	      134	      254	      263	       88	      198	      205	       88	      203	      218	       78	
  576.23	      111	      108	      104	       95	       85	      124	      256	      268	       85	      200	      208	       87	      205	      221	       76	
  578.23	      109	      108	       99	       93	       86	      118	      254	      267	       84	      199	      208	       86	      203	      222	       74	
  580.23	      109	      106	      104	       93	       83	      127	      255	      264	       88	      199	      205	       89	      203	      220	       76	
  582.23	      111	      108	      104	       96	       85	      125	      257	      266	       88	      202	      207	       91	      205	      222	       76	
  584.23	      111	      108	      104	       96	       85	      127	      256	      266	       87	      202	      206	       92	      205	      222	       77	
  586.23	      111	      107	      108	       96	       83	      132	      258	      263	       93	      202	      204	       96	      206	      220	       80	
  588.23	      109	      108	      100	       93	       86	      117	      256	      264	       90	      200	      206	       91	      204	      221	       75	
  590.23	      109	      107	      103	       93	       83	      125	      258	      260	       96	      201	      204	       94	      204	      220	       78	
  592.23	      109	      106	      104	       93	       83	      125	      258	      259	       96	      201	      203	       94	      203	      220	       77	
  594.23	      109	      106	      104	       93	       83	      127	      258	      259	       96	      201	      203	       94	      204	      219	       77	
  596.23	      109	      107	      103	       93	       82	      127	      258	      259	       97	      201	      203	       95	      203	      220	       76	
  598.23	      109	      107	      103	       93	       83	      127	      257	      260	       95	      201	      203	       94	      203	      220	       76	
  600.23	      111	      107	      107	       95	       83	      133	      259	      261	       96	      203	      203	       98	      205	      219	       79	
  602.23	      109	      106	      104	       93	       83	      124	      256	      262	       91	      200	      203	       94	      203	      220	       77	
  604.23	      111	      107	      107	       95	       83	      132	      259	      262	       95	      202	      203	       97	      205	      220	       79	
  606.23	      109	      108	       99	       93	       85	      119	      256	      263	       90	      200	      205	       92	      203	      221	       75	
  608.23	      109	      106	      104	       93	       83	      126	      257	      261	       93	      200	      203	       94	      204	      220	       77	
  610.23	      109	      106	      104	       93	       83	      125	      257	      261	       94	      200	      203	       94	      204	      220	       77	
  612.23	      109	      106	      104	       93	       83	      125	      257	      261	       93	      200	      203	       93	      203	      219	       77	
  614.23	      109	      108	       99	       93	       86	      118	      256	      262	       91	      200	      206	       89	      204	      221	       76	
  616.23	      109	      104	      109	       93	       80	      135	      256	      260	       94	      199	      202	       95	      204	      216	       82	
  618.23	      109	      108	      100	       93	       85	      119	      255	      264	       89	      199	      206	       89	      204	      220	       77	
  620.23	      109	      107	      103	       93	       83	      125	      255	      261	       91	      198	      205	       89	      204	      219	       79	
  622.23	      109	      107	      104	       94	       83	      126	      255	      262	       91	      198	      205	       89	      204	      219	       79	
  624.23	      109	      106	      105	       93	       83	      126	      255	      262	       90	      198	      205	       88	      204	      219	       79	
  626.23	      111	      107	      108	       96	       83	      131	      257	      262	       93	      200	      205	       91	      206	      219	       81	
  628.23	      109	      108	      100	       93	       86	      117	      255	      264	       88	      198	      208	       84	      203	      221	       75	
  630.23	      109	      106	      105	       93	       83	      125	      254	      263	       88	      197	      206	       87	      204	      218	       79	
  632.23	      109	      104	      108	       93	       81	      133	      254	      261	       90	      197	      204	       87	      203	      217	       80	
  634.23	      109	      106	      104	       93	       83	      125	      254	      263	       88	      197	      206	       84	      203	      219	       78	
  636.23	      109	      108	      101	       93	       85	      119	      254	      265	       86	      196	      209	       81	      204	      220	       77	
  638.23	      109	      106	      104	       93	       83	      126	      254	      263	       88	      196	      207	       83	      204	      218	       80	
  640.23	      109	      106	      105	       94	       83	      127	      253	      264	       86	      196	      208	       81	      204	      217	       81	
  642.23	      109	      108	      100	       93	       86	      118	      252	      267	       82	      195	      209	       79	      205	      219	       79	
  644.23	      109	      106	      105	       93	       83	      126	      252	      265	       84	      195	      208	       80	      204	      217	       81	
  646.23	      109	      106	      105	       93	       83	      126	      251	      265	       83	      195	      208	       80	      205	      217	       83	
  648.23	      109	      108	      100	       93	       86	      118	      251	      267	       80	      195	      210	       78	      204	      219	       79	
  650.23	      109	      106	      105	       93	       83	      125	      252	      265	       83	      195	      208	       80	      205	      216	       82	
  652.23	      109	      106	      105	       93	       83	      126	      250	      266	       81	      194	      208	       79	      205	      216	       83	
  654.23	      109	      106	      105	       93	       83	      125	      250	      266	       80	      194	      208	       79	      206	      216	       85	
  656.23	      109	      108	      100	       92	       85	      117	      249	      268	       78	      194	      210	       77	      205	      218	       81	
  658.23	      109	      106	      105	       93	       83	      126	      250	      266	       80	      194	      208	       78	      205	      216	       84	
  660.23	      109	      104	      110	       93	       80	      135	      250	      265	       82	      194	      207	       80	      205	      214	       86	
  662.23	      109	      108	      100	       93	       86	      116	      250	      268	       79	      194	      210	       75	      205	      219	       80	
  664.23	      109	      108	      101	       93	       86	      117	      250	      269	       78	      194	      211	       75	      205	      218	       81	
  666.23	      109	      106	      105	       93	       83	      127	      250	      266	       80	      194	      208	       78	      205	      216	       83	
  668.23	      109	      106	      106	       93	       83	      125	      250	      266	       80	      193	      209	       77	      205	      216	       83	
  670.23	      109	      106	      105	       93	       83	      125	      249	      267	       78	      193	      209	       76	      205	      216	       83	
  672.23	      109	      106	      105	       93	       83	      126	      248	      267	       78	      193	      209	       76	      205	      216	       83	
  674.23	      111	      106	      109	       96	       83	      132	      249	      267	       79	      195	      209	       79	      207	      216	       86	
  676.23	      110	      108	      102	       93	       85	      119	      248	      269	       76	      193	      211	       74	      206	      218	       82	
  678.23	      109	      106	      104	       93	       83	      127	      248	      267	       78	      193	      209	       75	      205	      216	       84	
  680.23	      111	      108	      105	       95	       85	      125	      249	      270	       76	      195	      211	       76	      207	      218	       84	
  682.23	      109	      106	      106	       93	       83	      126	      248	      267	       77	      193	      209	       76	      206	      215	       86	
  684.23	      109	      108	      102	       93	       86	      118	      249	      269	       77	      193	      210	       75	      205	      217	       82	
  686.23	      107	      110	       91	       91	       88	      105	      246	      270	       73	      191	      212	       69	      204	      219	       78	
  688.23	      109	      106	      104	       93	       83	      126	      248	      266	       78	      193	      208	       77	      206	      215	       86	
  690.23	      109	      103	      111	       93	       81	      134	      248	      265	       80	      193	      206	       80	      206	      213	       89	
  692.23	      109	      108	      101	       93	       86	      117	      248	      268	       77	      193	      210	       75	      206	      216	       85	
  694.23	      109	      108	      102	       93	       85	      120	      248	      268	       77	      193	      210	       75	      206	      216	       84	
  696.23	      109	      108	      102	       93	       85	      118	      249	      268	       77	      193	      210	       75	      207	      216	       85	
  698.23	      109	      106	      105	       93	       83	      126	      248	      267	       78	      193	      208	       77	      207	      214	       88	
  700.23	      110	      106	      106	       93	       83	      127	      248	      266	       79	      193	      208	       77	      206	      214	       88	
  702.23	      109	      106	      106	       93	       83	      126	      249	      266	       80	      193	      208	       78	      207	      213	       90	
  704.23	      109	      106	      106	       93	       83	      125	      248	      265	       80	      193	      208	       77	      208	      213	       91	
  706.23	      110	      106	      107	       93	       83	      124	      248	      266	       79	      193	      208	       77	      208	      212	       92	
  708.23	      110	      105	      108	       94	       83	      126	      248	      266	       78	      193	      208	       77	      208	      212	       92	
  710.23	      108	      105	      104	       91	       83	      120	      246	      266	       76	      191	      208	       75	      206	      211	       91	
  712.23	      110	      107	      103	       93	       85	      118	      247	      268	       75	      193	      210	       76	      209	      213	       92	
  714.23	      110	      107	      104	       93	       86	      118	      247	      268	       75	      193	      209	       76	      209	      212	       94	
  716.23	      110	      109	      100	       93	       88	      111	      247	      270	       73	      194	      211	       74	      210	      214	       93	
  718.23	      110	      106	      106	       93	       83	      126	      247	      267	       76	      194	      207	       79	      210	      210	       98	
  720.23	      110	      106	      106	       93	       83	      126	      246	      268	       74	      194	      207	       79	      210	      209	       98	
  722.23	      109	      107	      102	       93	       86	      119	      246	      270	       73	      194	      209	       78	      210	      211	       97	
  724.23	      110	      105	      108	       93	       83	      127	      245	      268	       73	      194	      207	       80	      211	      208	      101	
  726.23	      109	      107	      103	       93	       86	      117	      245	      270	       72	      194	      208	       79	      213	      210	      102	
  728.23	      109	      105	      107	       94	       83	      127	      246	      268	       74	      194	      206	       81	      213	      206	      106	
  730.23	      110	      103	      112	       93	       80	      135	      245	      266	       75	      195	      204	       85	      214	      203	      111	
  732.23	      109	      106	      106	       93	       83	      125	      245	      267	       75	      195	      205	       83	      216	      203	      113	
  734.23	      109	      105	      107	       93	       83	      126	      245	      268	       73	      195	      205	       85	      218	      201	      117	
  736.23	      110	      105	      108	       93	       83	      127	      245	      268	       73	      196	      204	       87	      222	      196	      128	
  738.23	      110	      107	      103	       93	       85	      119	      246	      269	       73	      197	      204	       87	      228	      190	      144	
  740.23	      107	      105	      103	       90	       83	      119	      243	      267	       73	      195	      202	       89	      237	      174	      181	
  742.23	      109	      105	      107	       93	       83	      125	      245	      268	       74	      197	      202	       91	      259	      151	      270	
  744.23	      109	      107	      102	       93	       86	      119	      245	      269	       72	      198	      203	       90	      261	      151	      274	
  746.23	      109	      106	      106	       93	       83	      126	      245	      268	       73	      198	      201	       93	      258	      153	      262	
  748.23	      109	      108	      102	       93	       85	      119	      245	      269	       72	      198	      203	       91	      253	      161	      230	
  750.23	      109	      108	      102	       93	       85	      119	      245	      269	       72	      198	      203	       92	      247	      167	      207	
  752.23	      109	      105	      106	       93	       83	      125	      245	      268	       74	      198	      201	       94	      241	      173	      187	
  754.23	      109	      107	      101	       93	       85	      118	      245	      269	       73	      198	      203	       90	      235	      183	      163	
  756.23	      109	      106	      106	       93	       83	      125	      245	      266	       75	      197	      201	       92	      229	      187	      150	
  758.23	      109	      110	       96	       93	       88	      110	      244	      271	       70	      197	      205	       86	      225	      196	      131	
  760.23	      109	      108	      101	       93	       86	      117	      244	      270	       71	      197	      204	       88	      221	      199	      123	
  762.23	      109	      110	       96	       93	       88	      110	      245	      271	       70	      197	      206	       85	      217	      203	      114	
  764.23	      109	      108	      100	       93	       85	      119	      245	      269	       72	      197	      205	       87	      214	      206	      108	
  766.23	      109	      108	      100	       93	       86	      118	      245	      268	       73	      196	      205	       86	      212	      209	      102	
  768.23	      109	      106	      105	       93	       83	      126	      245	      266	       75	      196	      203	       88	      210	      209	      100	
  770.23	      109	      110	       95	       93	       88	      109	      245	      270	       72	      196	      208	       81	      208	      214	       90	
  772.23	      109	      108	      100	       93	       86	      117	      246	      268	       75	      196	      205	       84	      207	      214	       89	
  774.23	      109	      106	      104	       93	       83	      126	      245	      266	       76	      195	      204	       85	      207	      213	       89	
  776.23	      109	      106	      104	       93	       83	      126	      246	      266	       76	      195	      204	       84	      206	      214	       87	
  778.23	      109	      106	      104	       93	       83	      127	      245	      266	       75	      195	      204	       85	      205	      214	       85	
  780.23	      109	      106	      104	       93	       83	      125	      245	      267	       74	      195	      204	       84	      204	      215	       84	
  782.23	      109	      108	      100	       93	       85	      120	      245	      268	       73	      194	      207	       80	      204	      218	       79	
  784.23	      109	      106	      104	       93	       83	      125	      245	      267	       75	      194	      205	       82	      204	      217	       81	
  786.23	      108	      106	      103	       92	       83	      124	      244	      267	       73	      194	      206	       81	      204	      216	       81	
  788.23	      109	      106	      103	       93	       83	      125	      244	      268	       72	      193	      206	       79	      203	      218	       79	
  790.23	      109	      108	       99	       93	       86	      119	      243	      272	       68	      192	      209	       75	      203	      220	       76	
  792.23	      109	      109	       98	       93	       86	      118	      242	      272	       66	      192	      210	       74	      202	      220	       75	
  794.23	      111	      108	      103	       96	       86	      125	      244	      272	       68	      193	      210	       75	      204	      220	       76	
  796.23	      108	      107	      102	       93	       83	      126	      241	      271	       66	      190	      208	       74	      201	      219	       75	
  798.23	      108	      108	       97	       93	       86	      119	      240	      274	       63	      189	      211	       69	      201	      221	       72	
  800.23	      108	      107	      102	       93	       83	      125	      240	      272	       64	      189	      210	       70	      201	      219	       74	
  802.23	      108	      107	      101	       93	       83	      127	      239	      273	       63	      189	      210	       70	      201	      220	       73	
  804.23	      108	      106	      102	       93	       83	      125	      239	      273	       62	      189	      210	       69	      201	      220	       73	
  806.23	      108	      109	       97	       93	       86	      118	      239	      276	       60	      189	      212	       66	      200	      222	       70	
  808.23	      108	      107	      102	       93	       83	      125	      238	      273	       61	      188	      211	       67	      201	      220	       73	
  810.23	      108	      107	      101	       93	       83	      126	      238	      274	       61	      188	      211	       67	      200	      220	       73	
  812.23	      108	      107	      102	       93	       83	      125	      238	      274	       60	      188	      211	       67	      200	      220	       72	
  814.23	      108	      107	      102	       93	       83	      125	      238	      274	       60	      188	      211	       66	      200	      220	       72	
  816.23	      108	      107	      102	       93	       83	      125	      238	      275	       60	      188	      212	       66	      200	      220	       72	
  818.23	      108	      107	      101	       93	       83	      124	      238	      275	       59	      188	      212	       65	      200	      220	       72	
  820.23	      108	      109	       96	       93	       86	      118	      238	      276	       58	      188	      214	       63	      200	      222	       70	
  822.23	      110	      107	      106	       95	       83	      130	      240	      274	       62	      190	      211	       69	      202	      220	       74	
  824.23	      108	      107	      102	       93	       83	      126	      237	      274	       59	      188	      212	       66	      200	      220	       72	
  826.23	      108	      107	      102	       93	       83	      125	      237	      275	       59	      187	      212	       65	      200	      220	       71	
  828.23	      108	      109	       97	       93	       86	      118	      238	      276	       58	      188	      214	       63	      200	      222	       70	
  830.23	      108	      107	      102	       93	       83	      126	      238	      275	       59	      188	      212	       65	      200	      221	       72	
  832.23	      108	      109	       97	       93	       86	      116	      237	      277	       57	      187	      213	       63	      200	      222	       69	
  834.23	      108	      104	      107	       93	       80	      135	      237	      273	       60	      187	      210	       67	      199	      219	       72	
  836.23	      108	      107	      102	       93	       83	      125	      237	      275	       59	      187	      212	       65	      200	      221	       71	
  838.23	      108	      107	      102	       93	       83	      124	      237	      275	       58	      187	      212	       65	      199	      221	       70	
  840.23	      108	      107	      102	       93	       83	      125	      237	      275	       59	      187	      212	       65	      199	      221	       70	
  842.23	      108	      109	       96	       94	       86	      120	      237	      277	       57	      187	      214	       62	      199	      223	       68	
  844.23	      108	      107	      101	       93	       84	      123	      237	      275	       59	      187	      212	       64	      199	      221	       70	
  846.23	      108	      107	      102	       93	       83	      124	      237	      274	       59	      187	      211	       65	      199	      221	       69	
  848.23	      108	      109	       96	       93	       86	      117	      237	      277	       57	      187	      213	       63	      199	      222	       68	
  850.23	      108	      109	       96	       93	       86	      117	      236	      276	       57	      187	      213	       63	      199	      223	       68	
  852.23	      108	      107	      102	       93	       83	      126	      237	      274	       59	      187	      212	       65	      199	      221	       70	
  854.23	      108	      109	       96	       93	       86	      118	      237	      277	       56	      187	      213	       62	      199	      223	       68	
  856.23	      108	      108	       97	       93	       86	      118	      237	      276	       57	      187	      213	       63	      199	      222	       68	
  858.23	      108	      106	      102	       93	       83	      125	      236	      274	       59	      187	      211	       64	      199	      220	       70	
  860.23	      108	      109	       97	       93	       86	      118	      237	      276	       58	      187	      214	       63	      199	      223	       67	
  862.23	      108	      107	      102	       93	       83	      126	      237	      274	       59	      187	      211	       65	      198	      221	       69	
  864.23	      108	      111	       92	       93	       89	      110	      237	      278	       56	      187	      215	       60	      198	      223	       67	
  866.23	      108	      107	      101	       93	       83	      125	      237	      274	       59	      187	      211	       66	      199	      221	       69	
  868.23	      108	      107	      102	       94	       83	      126	      237	      274	       60	      187	      211	       65	      199	      221	       69	
  870.23	      108	      106	      102	       93	       83	      125	      237	      274	       59	      187	      211	       65	      199	      221	       69	
  872.23	      108	      109	       97	       93	       86	      118	      237	      275	       58	      187	      213	       63	      198	      223	       66	
  874.23	      108	      107	      102	       93	       83	      125	      237	      274	       59	      187	      211	       65	      198	      221	       69	
  876.23	      108	      107	      101	       93	       83	      125	      237	      274	       59	      187	      211	       65	      198	      221	       69	
  878.23	      108	      107	      101	       93	       84	      124	      237	      274	       60	      187	      211	       65	      198	      221	       68	
  880.23	      108	      104	      107	       93	       80	      135	      237	      272	       61	      187	      209	       68	      199	      219	       72	
  882.23	      108	      108	       97	       93	       86	      118	      236	      276	       57	      187	      213	       63	      199	      223	       67	
  884.23	      108	      107	      102	       93	       83	      126	      237	      273	       60	      187	      211	       65	      198	      221	       69	
  886.23	      108	      105	      106	       93	       80	      135	      237	      271	       61	      187	      209	       67	      199	      219	       72	
  888.23	      108	      104	      107	       93	       80	      134	      237	      271	       62	      187	      209	       68	      199	      219	       72	
  890.23	      108	      107	      101	       93	       84	      123	      237	      273	       60	      187	      211	       65	      199	      221	       69	
  892.23	      108	      109	       97	       93	       86	      115	      237	      274	       59	      187	      213	       63	      198	      222	       67	
  894.23	      108	      109	       96	       93	       86	      116	      237	      274	       59	      187	      212	       64	      198	      222	       67	
  896.23	      108	      109	       97	       93	       86	      119	      237	      275	       58	      187	      212	       63	      198	      223	       67	
  898.23	      108	      107	      100	       93	       83	      126	      236	      272	       60	      186	      211	       65	      198	      220	       69	
  900.23	      108	      108	       97	       93	       86	      117	      237	      275	       58	      186	      213	       62	      199	      222	       67	
  902.23	      108	      109	       97	       93	       85	      118	      236	      275	       58	      187	      212	       63	      198	      222	       67	
  904.23	      108	      109	       96	       93	       86	      117	      236	      275	       58	      187	      212	       63	      199	      223	       67	
  906.23	      108	      107	      101	       93	       83	      126	      236	      272	       60	      187	      211	       65	      199	      221	       69	
  908.23	      108	      105	      106	       93	       80	      134	      237	      270	       62	      187	      208	       68	      199	      218	       72	
  910.23	      108	      107	      101	       93	       83	      126	      236	      272	       60	      186	      210	       65	      199	      221	       69	
  912.23	      108	      106	      102	       93	       83	      125	      237	      272	       61	      186	      210	       65	      199	      220	       70	
  914.23	      108	      107	      102	       93	       83	      125	      237	      272	       61	      187	      211	       65	      199	      220	       70	
  916.23	      108	      106	      101	       93	       83	      125	      237	      272	       61	      187	      210	       65	      198	      220	       69	
  918.23	      108	      107	      101	       93	       83	      125	      236	      272	       60	      186	      211	       65	      199	      221	       69	
  920.23	      110	      107	      105	       96	       84	      132	      238	      272	       63	      189	      211	       68	      200	      221	       71	
  922.23	      108	      109	       96	       93	       86	      117	      237	      274	       60	      186	      212	       63	      199	      222	       68	
  924.23	      106	      110	       87	       91	       89	      104	      235	      276	       55	      184	      214	       59	      197	      223	       65	
  926.23	      108	      107	      101	       93	       83	      124	      237	      271	       61	      186	      210	       66	      198	      221	       69	
  928.23	      108	      107	      100	       93	       84	      123	      236	      272	       60	      186	      210	       65	      198	      220	       69	
  930.23	      108	      104	      107	       93	       81	      133	      237	      271	       62	      187	      208	       69	      199	      218	       72	
  932.23	      108	      107	      101	       93	       84	      125	      236	      271	       61	      187	      210	       66	      198	      221	       69	
  934.23	      108	      107	      102	       93	       83	      124	      237	      272	       61	      186	      210	       66	      199	      221	       69	
  936.23	      108	      104	      107	       93	       80	      133	      237	      270	       63	      187	      208	       69	      199	      218	       72	
  938.23	      108	      107	      101	       93	       83	      126	      236	      272	       60	      186	      210	       66	      198	      220	       69	
  940.23	      108	      108	       97	       93	       86	      117	      237	      273	       60	      187	      212	       64	      199	      223	       67	
  942.23	      108	      108	       97	       93	       86	      118	      238	      275	       60	      187	      212	       64	      198	      223	       67	
  944.23	      108	      108	       97	       93	       85	      119	      238	      275	       59	      186	      212	       64	      198	      223	       66	
  946.23	      108	      106	      102	       93	       83	      125	      238	      273	       61	      186	      210	       66	      199	      221	       69	
  948.23	      108	      107	      102	       93	       83	      124	      238	      272	       62	      187	      210	       66	      199	      221	       69	
  950.23	      108	      106	      102	       93	       83	      125	      237	      272	       61	      186	      209	       66	      199	      221	       69	
  952.23	      108	      108	       97	       93	       86	      116	      237	      275	       58	      186	      211	       64	      199	      223	       66	
  954.23	      108	      109	       98	       93	       86	      117	      237	      274	       59	      187	      212	       64	      199	      223	       67	
  956.23	      108	      106	      102	       93	       84	      124	      237	      273	       61	      186	      210	       66	      199	      221	       70	
  958.23	      108	      106	      102	       94	       83	      126	      237	      272	       61	      186	      209	       66	      198	      221	       69	
  960.23	      108	      108	       98	       93	       86	      117	      236	      275	       58	      186	      212	       63	      199	      223	       66	
  962.23	      108	      106	      102	       93	       84	      124	      237	      272	       61	      186	      210	       66	      199	      222	       69	
  964.23	      110	      108	      102	       96	       86	      124	      238	      274	       60	      188	      211	       66	      201	      223	       70	
  966.23	      108	      106	      102	       93	       83	      126	      236	      272	       60	      186	      209	       67	      198	      221	       69	
