Experiment_Code:		127
HEADER_INFORMATION
Dual_Wavelength_Imaging_With_Two_Object_Classes
Object_by_Object_Ratioing
Threshold=0
Red_Objects=	5	Green_Objects=	0
Reserved
Ion:				Ca++
Wavelength_A:			340
Wavelength_B:			380
A_Exposure_Time:		120
B_Exposure_Time:		30
Minimum_Ion_[nMol]:		0.000000
Maximum_Ion_[nMol]:		602.000000
Calibration_Filename:		dw120404#1.CAL
Calibration_A_Exposure_Time:	120.000000
Calibration_B_Exposure_Time:	30.000000
No._of_Calib._Table_Entries:	5
Ca++	Ratio
  0.00	0.572811
 38.00	0.789131
100.00	1.005634
225.00	1.552722
602.00	2.884055
Image_Width:			696
Image_Height:			512
Number_of_Time_Points:		354
Number_of_Objects:		5
Event_Times			0
Horizontal_Binning=2
Vertical_Binning=2
Reserved
DATA_AFTER_THIS_LINE
Time[seconds]	  340[01]	  380[01]	 Ca++[01]	  340[02]	  380[02]	 Ca++[02]	  340[03]	  380[03]	 Ca++[03]	  340[04]	  380[04]	 Ca++[04]	  340[05]	  380[05]	 Ca++[05]	
    0.23	      181	      216	       52	      140	      155	       72	       85	       80	      113	      223	      272	       47	      261	      299	       62	
    2.28	      185	      213	       60	      145	      154	       82	       90	       78	      132	      227	      270	       52	      266	      297	       68	
    4.33	      185	      213	       61	      144	      153	       82	       90	       78	      134	      227	      270	       53	      265	      297	       67	
    6.38	      184	      213	       58	      143	      153	       78	       88	       78	      127	      225	      270	       50	      263	      297	       66	
    8.42	      186	      213	       61	      144	      153	       83	       90	       78	      133	      227	      270	       52	      265	      297	       67	
   10.42	      185	      214	       60	      144	      155	       79	       89	       80	      125	      227	      272	       51	      265	      299	       66	
   12.47	      184	      213	       59	      143	      153	       78	       87	       78	      126	      225	      270	       50	      263	      297	       65	
   14.52	      186	      213	       62	      144	      153	       81	       90	       78	      132	      227	      270	       52	      265	      297	       68	
   16.56	      186	      213	       62	      144	      153	       81	       90	       78	      133	      227	      270	       52	      265	      296	       68	
   18.61	      184	      213	       59	      142	      153	       79	       88	       78	      125	      225	      270	       50	      263	      296	       66	
   20.66	      186	      213	       62	      144	      153	       83	       90	       78	      132	      227	      269	       53	      265	      296	       68	
   22.70	      184	      212	       60	      143	      153	       79	       87	       78	      125	      225	      270	       50	      264	      296	       67	
   24.75	      186	      212	       62	      145	      153	       82	       89	       78	      132	      227	      270	       53	      266	      296	       69	
   26.75	      186	      214	       60	      144	      155	       78	       89	       80	      124	      227	      272	       51	      266	      298	       67	
   28.80	      184	      210	       63	      143	      150	       83	       88	       76	      133	      225	      267	       53	      263	      295	       68	
   30.84	      184	      213	       60	      143	      153	       79	       87	       78	      125	      225	      270	       50	      264	      296	       67	
   32.84	      186	      214	       60	      144	      154	       80	       90	       80	      127	      227	      272	       51	      266	      298	       67	
   34.89	      186	      212	       63	      145	      153	       82	       89	       78	      132	      227	      270	       53	      266	      296	       69	
   36.94	      184	      212	       60	      143	      152	       80	       88	       78	      125	      225	      270	       51	      264	      296	       66	
   38.98	      184	      212	       60	      142	      153	       79	       87	       78	      123	      225	      270	       51	      264	      296	       67	
   41.03	      184	      212	       60	      143	      153	       79	       88	       78	      125	      225	      270	       51	      264	      297	       67	
   43.08	      186	      212	       62	      145	      153	       83	       90	       79	      131	      227	      270	       53	      266	      297	       68	
   45.08	      185	      214	       60	      145	      153	       83	       90	       78	      134	      227	      270	       53	      266	      297	       68	
   47.13	      184	      212	       59	      142	      152	       79	       87	       78	      124	      225	      270	       51	      263	      297	       65	
   49.17	      184	      212	       59	      143	      152	       80	       87	       78	      125	      225	      269	       51	      263	      297	       65	
   51.22	      186	      212	       62	      145	      152	       85	       90	       78	      132	      227	      269	       53	      265	      298	       66	
   53.22	      184	      214	       58	      143	      153	       80	       87	       78	      125	      226	      269	       51	      263	      298	       65	
   55.27	      183	      213	       59	      143	      152	       80	       87	       78	      124	      226	      269	       52	      263	      297	       65	
   57.31	      184	      213	       59	      142	      153	       78	       87	       78	      126	      225	      270	       51	      262	      297	       64	
   59.31	      184	      215	       57	      143	      155	       76	       88	       80	      119	      225	      271	       49	      263	      299	       63	
   61.36	      186	      212	       62	      144	      152	       83	       90	       77	      134	      227	      270	       53	      265	      297	       67	
   63.41	      186	      213	       62	      145	      153	       83	       90	       78	      132	      227	      269	       53	      265	      297	       67	
   65.45	      185	      212	       61	      144	      152	       83	       89	       78	      131	      227	      269	       53	      265	      297	       67	
   67.50	      184	      212	       60	      143	      153	       79	       88	       78	      128	      225	      269	       50	      263	      297	       65	
   69.55	      185	      212	       61	      144	      152	       83	       90	       78	      132	      227	      270	       52	      265	      297	       67	
   71.59	      183	      212	       59	      142	      152	       79	       87	       78	      123	      225	      270	       51	      263	      297	       66	
   73.59	      186	      214	       60	      144	      154	       80	       89	       80	      123	      227	      271	       51	      265	      299	       65	
   75.64	      183	      212	       59	      143	      152	       80	       88	       78	      126	      225	      269	       51	      262	      296	       65	
   77.69	      183	      212	       58	      143	      152	       80	       87	       78	      126	      225	      269	       51	      262	      297	       64	
   79.73	      185	      213	       61	      145	      152	       84	       89	       78	      131	      227	      269	       53	      265	      297	       67	
   81.78	      185	      212	       62	      145	      152	       84	       90	       78	      131	      227	      269	       53	      264	      296	       67	
   83.83	      183	      212	       59	      142	      152	       80	       87	       78	      126	      224	      269	       51	      262	      296	       65	
   85.83	      183	      215	       55	      142	      154	       77	       87	       80	      118	      225	      271	       49	      263	      299	       63	
   87.88	      185	      212	       62	      144	      152	       84	       90	       78	      133	      226	      269	       53	      264	      296	       67	
   89.92	      185	      212	       62	      145	      151	       85	       89	       78	      130	      227	      269	       53	      264	      296	       67	
   91.97	      183	      212	       59	      142	      152	       79	       88	       78	      126	      225	      269	       51	      263	      297	       65	
   94.02	      185	      212	       61	      144	      153	       82	       89	       78	      131	      227	      269	       53	      264	      297	       67	
   96.06	      185	      212	       61	      144	      153	       82	       90	       78	      132	      226	      269	       53	      264	      296	       67	
   98.06	      183	      214	       57	      142	      152	       79	       88	       78	      125	      225	      269	       51	      263	      296	       65	
  100.11	      183	      212	       59	      142	      152	       78	       88	       78	      126	      225	      269	       51	      263	      296	       65	
  102.16	      185	      212	       61	      144	      153	       82	       90	       78	      133	      227	      269	       53	      264	      296	       67	
  104.20	      183	      212	       59	      142	      152	       78	       87	       78	      125	      224	      268	       51	      262	      296	       65	
  106.25	      183	      210	       62	      142	      150	       82	       88	       76	      134	      225	      267	       53	      262	      294	       67	
  108.30	      185	      212	       62	      144	      153	       82	       90	       78	      132	      227	      269	       53	      265	      297	       67	
  110.30	      183	      213	       57	      142	      154	       75	       88	       80	      120	      224	      271	       48	      262	      298	       63	
  112.34	      183	      212	       60	      142	      153	       79	       88	       78	      126	      224	      269	       50	      262	      296	       66	
  114.39	      185	      212	       62	      144	      152	       83	       90	       78	      131	      226	      269	       53	      265	      296	       68	
  116.44	      184	      212	       60	      142	      152	       79	       87	       78	      126	      224	      269	       51	      263	      297	       65	
  118.48	      183	      214	       57	      142	      154	       77	       87	       80	      118	      225	      270	       49	      262	      299	       63	
  120.53	      183	      212	       60	      142	      152	       79	       87	       78	      123	      224	      269	       51	      262	      296	       65	
  122.53	      185	      213	       60	      144	      153	       82	       89	       78	      131	      226	      269	       53	      264	      296	       67	
  124.58	      185	      212	       62	      144	      153	       82	       89	       78	      130	      226	      269	       53	      264	      296	       67	
  126.63	      185	      211	       62	      144	      152	       83	       90	       78	      131	      226	      269	       52	      264	      296	       67	
  128.67	      184	      209	       63	      142	      150	       82	       87	       76	      131	      224	      267	       52	      262	      294	       67	
  130.72	      184	      211	       61	      142	      152	       79	       87	       78	      125	      224	      269	       51	      262	      296	       65	
  132.77	      183	      211	       61	      142	      152	       79	       87	       79	      122	      224	      268	       50	      262	      296	       65	
  134.81	      184	      211	       62	      142	      152	       79	       87	       78	      123	      224	      269	       51	      262	      296	       65	
  136.86	      186	      211	       65	      144	      152	       83	       90	       78	      132	      227	      269	       53	      264	      296	       68	
  138.91	      186	      210	       65	      144	      152	       83	       90	       78	      134	      226	      268	       53	      264	      296	       68	
  140.95	      186	      211	       65	      144	      152	       83	       90	       78	      134	      227	      269	       53	      265	      296	       67	
  143.00	      186	      211	       65	      144	      152	       82	       90	       78	      132	      226	      269	       52	      264	      296	       67	
  145.05	      184	      210	       62	      142	      152	       79	       87	       78	      126	      225	      269	       51	      263	      296	       66	
  147.09	      186	      211	       64	      144	      153	       82	       89	       78	      130	      227	      269	       53	      264	      296	       67	
  149.09	      186	      210	       65	      144	      152	       82	       90	       78	      133	      227	      269	       54	      264	      296	       67	
  151.14	      186	      211	       64	      144	      152	       83	       90	       78	      132	      226	      268	       53	      264	      296	       67	
  153.19	      186	      210	       65	      144	      152	       84	       90	       78	      131	      227	      268	       54	      265	      296	       68	
  155.23	      184	      211	       62	      142	      152	       79	       87	       78	      125	      225	      269	       51	      262	      296	       65	
  157.28	      184	      211	       61	      142	      152	       79	       87	       78	      124	      225	      269	       52	      263	      296	       66	
  159.33	      186	      211	       65	      145	      153	       83	       90	       78	      135	      227	      269	       53	      265	      296	       68	
  161.38	      186	      211	       64	      144	      152	       84	       89	       78	      132	      227	      269	       53	      265	      296	       68	
  163.38	      186	      212	       62	      144	      152	       84	       90	       78	      133	      227	      269	       53	      265	      295	       69	
  165.42	      184	      211	       61	      142	      152	       79	       88	       78	      127	      225	      269	       51	      263	      296	       66	
  167.47	      184	      211	       61	      142	      152	       80	       86	       78	      124	      224	      269	       51	      263	      296	       66	
  169.52	      186	      211	       64	      144	      152	       83	       88	       78	      128	      227	      269	       53	      264	      296	       68	
  171.56	      184	      211	       61	      142	      152	       79	       87	       78	      124	      225	      269	       51	      263	      296	       66	
  173.61	      184	      211	       61	      142	      152	       79	       87	       78	      125	      225	      269	       50	      263	      295	       66	
  175.61	      183	      212	       59	      142	      152	       79	       87	       78	      125	      225	      269	       51	      262	      296	       66	
  177.66	      185	      212	       62	      144	      154	       80	       89	       80	      126	      227	      271	       52	      265	      298	       66	
  179.70	      184	      211	       61	      142	      152	       79	       88	       78	      125	      225	      269	       51	      263	      295	       66	
  181.75	      184	      211	       61	      142	      152	       79	       87	       78	      124	      225	      269	       51	      263	      295	       66	
  183.80	      186	      211	       64	      144	      152	       83	       90	       78	      131	      227	      269	       53	      265	      295	       68	
  185.84	      186	      210	       64	      144	      151	       84	       90	       78	      132	      227	      269	       53	      264	      295	       68	
  187.84	      184	      213	       58	      142	      153	       77	       88	       80	      119	      225	      271	       49	      263	      297	       65	
  189.89	      185	      213	       61	      144	      153	       81	       89	       80	      123	      227	      271	       52	      264	      297	       66	
  191.94	      186	      211	       64	      144	      151	       84	       90	       78	      133	      227	      269	       54	      265	      295	       69	
  193.98	      183	      211	       60	      142	      151	       80	       87	       77	      127	      226	      269	       52	      263	      295	       67	
  196.03	      183	      211	       60	      141	      151	       79	       88	       78	      127	      225	      269	       51	      263	      294	       67	
  198.08	      186	      211	       63	      144	      151	       84	       89	       78	      130	      227	      269	       53	      265	      295	       69	
  200.08	      183	      215	       56	      142	      155	       74	       88	       82	      113	      225	      271	       49	      263	      296	       66	
  202.13	      184	      211	       61	      142	      151	       80	       87	       78	      125	      225	      269	       51	      263	      294	       68	
  204.17	      184	      211	       61	      142	      151	       80	       87	       78	      126	      225	      269	       51	      263	      295	       67	
  206.22	      183	      211	       60	      142	      151	       81	       88	       78	      126	      225	      269	       51	      263	      294	       68	
  208.27	      185	      213	       61	      144	      153	       80	       89	       80	      124	      227	      270	       52	      265	      296	       68	
  210.31	      183	      211	       60	      142	      151	       80	       87	       78	      123	      225	      269	       51	      263	      294	       68	
  212.36	      183	      211	       60	      142	      151	       80	       87	       78	      125	      225	      269	       51	      264	      294	       68	
  214.41	      183	      211	       61	      142	      151	       81	       87	       78	      125	      225	      269	       51	      263	      294	       68	
  216.45	      183	      211	       60	      142	      151	       80	       87	       78	      124	      225	      269	       51	      263	      294	       68	
  218.50	      183	      211	       60	      141	      151	       79	       87	       78	      125	      225	      268	       52	      263	      294	       68	
  220.55	      185	      211	       63	      144	      151	       84	       90	       78	      134	      227	      268	       54	      265	      294	       70	
  222.59	      183	      211	       60	      141	      151	       80	       87	       78	      125	      225	      268	       52	      263	      293	       68	
  224.59	      183	      211	       60	      142	      151	       81	       87	       78	      126	      225	      269	       51	      263	      294	       68	
  226.64	      185	      211	       63	      144	      151	       85	       90	       78	      132	      227	      268	       55	      265	      294	       70	
  228.69	      185	      211	       63	      144	      151	       85	       90	       78	      133	      227	      268	       54	      265	      294	       70	
  230.69	      185	      213	       61	      144	      153	       82	       90	       80	      126	      227	      270	       53	      265	      296	       68	
  232.73	      183	      211	       61	      142	      151	       81	       87	       78	      126	      225	      268	       52	      263	      294	       68	
  234.73	      185	      214	       59	      144	      152	       82	       90	       80	      127	      227	      270	       53	      265	      295	       69	
  236.78	      185	      211	       63	      144	      151	       84	       89	       78	      131	      227	      268	       54	      265	      293	       71	
  238.83	      185	      211	       63	      144	      151	       84	       90	       78	      131	      227	      267	       55	      265	      293	       70	
  240.83	      183	      214	       56	      141	      154	       74	       87	       82	      113	      225	      270	       50	      263	      296	       66	
  242.88	      185	      211	       63	      144	      151	       84	       90	       78	      132	      228	      268	       55	      265	      293	       70	
  244.92	      183	      210	       61	      142	      151	       81	       87	       78	      124	      225	      268	       53	      263	      293	       69	
  246.97	      184	      210	       63	      149	      137	      118	       87	       78	      125	      226	      266	       55	      267	      287	       77	
  249.02	      209	      182	      132	      167	      126	      171	       89	       80	      125	      244	      244	       97	      356	      179	      348	
  251.06	      222	      167	      174	      172	      116	      208	       87	       80	      118	      276	      195	      192	      358	      180	      346	
  253.11	      252	      134	      315	      178	      112	      233	       90	       78	      132	      310	      166	      312	      358	      182	      341	
  255.16	      251	      135	      310	      177	      113	      229	       89	       78	      132	      308	      169	      302	      356	      183	      334	
  257.20	      249	      136	      302	      175	      112	      226	       88	       78	      126	      305	      170	      294	      354	      184	      327	
  259.20	      251	      137	      303	      177	      113	      226	       89	       78	      132	      307	      172	      289	      355	      186	      324	
  261.25	      249	      137	      297	      175	      113	      221	       87	       78	      126	      301	      176	      270	      351	      188	      312	
  263.30	      250	      140	      289	      177	      116	      219	       90	       80	      126	      300	      182	      251	      350	      194	      296	
  265.34	      249	      140	      288	      176	      114	      220	       90	       78	      132	      295	      185	      236	      348	      195	      289	
  267.39	      246	      141	      276	      173	      116	      211	       87	       78	      126	      288	      191	      214	      342	      199	      271	
  269.44	      246	      145	      264	      174	      118	      205	       90	       80	      126	      285	      200	      196	      340	      205	      252	
  271.48	      245	      145	      262	      173	      118	      205	       90	       78	      133	      281	      204	      184	      336	      208	      242	
  273.53	      241	      147	      248	      170	      119	      196	       87	       78	      127	      274	      209	      169	      330	      213	      223	
  275.53	      241	      149	      244	      171	      120	      196	       89	       77	      132	      271	      214	      159	      329	      217	      215	
  277.58	      238	      151	      231	      167	      122	      184	       88	       78	      127	      266	      219	      147	      323	      222	      203	
  279.63	      237	      153	      223	      165	      124	      175	       88	       78	      125	      261	      225	      136	      320	      226	      194	
  281.67	      235	      155	      215	      164	      126	      168	       87	       78	      123	      258	      229	      128	      318	      230	      186	
  283.72	      235	      157	      211	      164	      128	      164	       89	       78	      132	      258	      232	      123	      316	      233	      180	
  285.77	      233	      159	      205	      162	      130	      154	       90	       78	      132	      256	      235	      118	      313	      237	      172	
  287.81	      231	      160	      199	      158	      132	      143	       87	       78	      124	      251	      238	      111	      307	      241	      161	
  289.81	      232	      163	      195	      158	      136	      136	       90	       80	      127	      251	      243	      106	      306	      247	      152	
  291.86	      231	      163	      194	      157	      135	      136	       90	       78	      130	      250	      243	      104	      304	      249	      149	
  293.91	      230	      166	      186	      155	      140	      124	       90	       80	      126	      249	      247	      100	      301	      254	      141	
  295.91	      228	      169	      179	      153	      142	      115	       87	       82	      113	      246	      251	       92	      296	      259	      130	
  297.95	      230	      164	      190	      154	      139	      124	       90	       78	      134	      246	      248	       96	      294	      259	      130	
  300.00	      231	      164	      192	      154	      139	      122	       89	       78	      132	      245	      250	       92	      292	      261	      125	
  302.05	      230	      162	      194	      151	      140	      117	       87	       78	      125	      243	      252	       88	      288	      264	      119	
  304.09	      231	      161	      196	      151	      140	      117	       87	       78	      124	      242	      252	       87	      286	      267	      115	
  306.14	      234	      159	      204	      153	      140	      120	       89	       78	      131	      245	      251	       91	      286	      269	      113	
  308.14	      236	      158	      210	      153	      140	      121	       89	       77	      132	      247	      248	       98	      285	      270	      111	
  310.19	      235	      157	      211	      152	      140	      118	       87	       78	      124	      250	      242	      106	      282	      271	      108	
  312.23	      237	      156	      216	      154	      140	      121	       89	       78	      131	      261	      229	      131	      284	      271	      109	
  314.28	      236	      155	      218	      152	      140	      117	       87	       78	      125	      281	      203	      185	      283	      270	      109	
  316.33	      240	      155	      222	      154	      141	      119	       90	       80	      127	      287	      200	      197	      287	      270	      112	
  318.38	      239	      153	      226	      153	      139	      122	       87	       78	      125	      285	      200	      196	      287	      264	      119	
  320.42	      237	      154	      220	      155	      134	      134	       87	       78	      126	      285	      200	      194	      295	      255	      134	
  322.47	      237	      156	      216	      170	      120	      193	       90	       78	      133	      287	      199	      198	      309	      238	      166	
  324.52	      234	      158	      208	      171	      117	      204	       87	       77	      126	      291	      192	      216	      342	      193	      285	
  326.52	      232	      162	      197	      171	      117	      202	       88	       78	      127	      290	      193	      212	      355	      182	      336	
  328.56	      230	      163	      192	      170	      119	      197	       87	       78	      125	      286	      199	      197	      354	      184	      328	
  330.61	      228	      166	      184	      169	      119	      193	       87	       78	      124	      281	      205	      183	      350	      188	      311	
  332.66	      225	      170	      171	      168	      121	      188	       87	       78	      123	      277	      210	      171	      346	      194	      290	
  334.70	      224	      173	      166	      169	      122	      185	       90	       78	      131	      275	      215	      162	      343	      199	      271	
  336.75	      220	      175	      157	      165	      124	      174	       87	       78	      123	      269	      221	      148	      336	      205	      248	
  338.80	      219	      176	      155	      164	      125	      168	       87	       78	      122	      265	      225	      139	      331	      212	      225	
  340.84	      220	      177	      154	      165	      126	      168	       89	       78	      133	      263	      230	      131	      326	      220	      209	
  342.89	      219	      179	      149	      164	      127	      164	       90	       78	      134	      260	      235	      123	      321	      227	      192	
  344.94	      218	      180	      146	      163	      128	      160	       89	       78	      131	      256	      239	      115	      314	      235	      175	
  346.98	      215	      181	      141	      160	      130	      152	       87	       78	      125	      252	      241	      109	      306	      243	      157	
  349.03	      214	      184	      136	      159	      133	      143	       87	       80	      119	      250	      246	      102	      300	      252	      142	
  351.08	      213	      182	      137	      158	      132	      142	       87	       78	      126	      248	      247	      100	      295	      256	      134	
  353.13	      215	      182	      139	      159	      133	      143	       89	       77	      134	      248	      249	       97	      293	      261	      126	
  355.17	      214	      184	      136	      157	      136	      134	       87	       80	      118	      245	      253	       89	      287	      268	      114	
  357.22	      213	      184	      135	      155	      137	      128	       87	       80	      119	      244	      254	       86	      283	      273	      107	
  359.27	      215	      183	      138	      156	      137	      131	       89	       78	      131	      244	      253	       88	      281	      275	      104	
  361.31	      213	      184	      133	      153	      140	      119	       87	       80	      118	      241	      257	       81	      277	      280	       94	
  363.36	      213	      182	      137	      152	      139	      119	       87	       78	      125	      241	      255	       82	      274	      281	       90	
  365.41	      214	      180	      142	      151	      140	      116	       87	       78	      125	      241	      256	       80	      271	      284	       85	
  367.45	      220	      173	      160	      150	      141	      113	       87	       77	      125	      241	      256	       82	      270	      286	       82	
  369.50	      235	      157	      212	      149	      142	      110	       87	       77	      127	      242	      253	       85	      268	      288	       78	
  371.55	      234	      157	      210	      149	      143	      107	       87	       78	      126	      246	      249	       94	      267	      289	       76	
  373.59	      234	      158	      207	      148	      143	      106	       87	       78	      124	      249	      245	      102	      266	      291	       74	
  375.64	      232	      160	      201	      149	      143	      107	       87	       78	      126	      253	      241	      110	      266	      291	       72	
  377.69	      230	      161	      196	      149	      143	      108	       87	       78	      127	      254	      239	      113	      265	      292	       71	
  379.73	      228	      164	      187	      149	      143	      107	       87	       77	      126	      255	      238	      114	      265	      292	       72	
  381.78	      228	      168	      180	      151	      144	      110	       90	       78	      133	      256	      239	      114	      266	      291	       74	
  383.83	      223	      170	      169	      148	      143	      106	       87	       78	      125	      253	      240	      111	      264	      292	       70	
  385.88	      223	      173	      164	      150	      144	      109	       89	       77	      133	      254	      241	      111	      266	      291	       73	
  387.92	      219	      176	      154	      148	      144	      105	       87	       78	      125	      251	      243	      106	      264	      292	       71	
  389.92	      216	      183	      140	      148	      148	       98	       87	       82	      112	      249	      248	       99	      264	      295	       68	
  391.97	      216	      181	      142	      150	      144	      108	       89	       78	      133	      251	      246	      103	      266	      290	       75	
  394.02	      212	      184	      133	      149	      143	      108	       87	       78	      124	      247	      248	       97	      265	      289	       74	
  396.06	      213	      186	      131	      155	      136	      130	       89	       78	      131	      248	      249	       97	      268	      289	       77	
  398.11	      209	      188	      123	      162	      126	      164	       87	       77	      127	      245	      250	       93	      267	      287	       77	
  400.16	      207	      190	      119	      165	      123	      174	       87	       77	      125	      244	      251	       90	      268	      286	       80	
  402.20	      206	      191	      117	      165	      124	      173	       87	       78	      125	      244	      253	       88	      269	      285	       82	
  404.25	      207	      194	      114	      166	      126	      172	       89	       80	      125	      244	      255	       85	      271	      285	       84	
  406.30	      206	      193	      114	      165	      125	      171	       90	       78	      133	      245	      254	       88	      276	      277	       97	
  408.34	      206	      194	      112	      164	      126	      167	       89	       78	      132	      248	      250	       95	      281	      270	      108	
  410.39	      203	      195	      108	      162	      127	      159	       87	       78	      124	      246	      249	       95	      289	      258	      126	
  412.44	      202	      196	      104	      161	      128	      156	       87	       78	      126	      248	      247	       99	      316	      221	      197	
  414.48	      203	      199	      103	      162	      131	      153	       89	       80	      125	      252	      245	      105	      349	      190	      303	
  416.53	      202	      200	      101	      161	      132	      149	       89	       80	      124	      260	      234	      124	      347	      193	      292	
  418.58	      200	      198	      100	      159	      131	      147	       87	       78	      126	      281	      204	      185	      341	      195	      279	
  420.63	      199	      199	       99	      158	      132	      144	       87	       78	      125	      285	      200	      195	      338	      200	      263	
  422.67	      201	      200	      100	      159	      133	      143	       90	       78	      134	      286	      201	      194	      336	      204	      251	
  424.67	      199	      201	       94	      156	      137	      130	       87	       80	      119	      283	      205	      185	      331	      210	      232	
  426.72	      201	      200	       99	      156	      136	      131	       89	       77	      134	      283	      205	      184	      330	      212	      225	
  428.72	      201	      202	       95	      155	      140	      121	       90	       80	      126	      281	      210	      175	      326	      219	      210	
  430.77	      200	      201	       97	      153	      140	      120	       89	       77	      131	      277	      212	      168	      322	      222	      200	
  432.81	      199	      201	       95	      152	      141	      115	       89	       78	      131	      273	      218	      156	      317	      228	      187	
  434.81	      199	      205	       90	      150	      145	      106	       89	       79	      126	      269	      225	      143	      312	      236	      171	
  436.86	      198	      203	       91	      149	      145	      104	       90	       77	      134	      265	      228	      135	      308	      239	      164	
  438.91	      197	      204	       88	      148	      146	      101	       89	       78	      132	      261	      232	      127	      303	      245	      153	
  440.95	      196	      207	       83	      147	      148	       96	       89	       80	      126	      259	      237	      119	      300	      252	      141	
  443.00	      196	      205	       84	      147	      147	       97	       90	       78	      132	      255	      240	      113	      295	      256	      133	
  445.05	      195	      206	       83	      147	      148	       95	       90	       78	      133	      252	      244	      106	      291	      260	      126	
  447.09	      195	      206	       82	      146	      148	       94	       89	       77	      134	      250	      246	      101	      288	      263	      119	
  449.14	      193	      207	       78	      144	      149	       87	       87	       77	      126	      245	      249	       93	      283	      268	      111	
  451.19	      194	      207	       79	      145	      150	       90	       90	       77	      134	      245	      252	       91	      281	      271	      107	
  453.23	      192	      209	       74	      143	      152	       81	       86	       80	      118	      241	      256	       81	      276	      278	       96	
  455.23	      192	      212	       71	      142	      154	       76	       87	       82	      113	      240	      260	       76	      273	      283	       88	
  457.28	      191	      208	       75	      142	      150	       81	       86	       78	      124	      239	      257	       77	      271	      282	       86	
  459.33	      191	      209	       73	      143	      151	       82	       87	       78	      125	      237	      260	       72	      268	      286	       81	
  461.38	      193	      209	       76	      144	      151	       85	       90	       78	      132	      237	      262	       71	      268	      288	       79	
  463.42	      193	      208	       77	      144	      150	       86	       90	       78	      133	      235	      265	       65	      267	      290	       75	
  465.47	      192	      208	       75	      142	      151	       82	       87	       77	      125	      231	      267	       60	      263	      291	       71	
  467.52	      192	      208	       76	      142	      151	       81	       87	       78	      125	      230	      269	       56	      261	      293	       67	
  469.52	      192	      210	       73	      142	      153	       78	       87	       80	      119	      228	      272	       51	      261	      296	       64	
  471.56	      193	      210	       76	      143	      153	       80	       89	       79	      126	      229	      273	       52	      262	      297	       64	
  473.61	      192	      207	       76	      141	      152	       79	       87	       78	      126	      227	      272	       50	      259	      295	       63	
  475.66	      192	      208	       76	      141	      152	       78	       87	       78	      124	      227	      272	       50	      259	      295	       63	
  477.70	      192	      207	       77	      141	      152	       78	       87	       78	      125	      226	      272	       49	      259	      295	       63	
  479.75	      197	      203	       89	      143	      152	       82	       89	       78	      133	      228	      272	       51	      260	      296	       63	
  481.80	      210	      188	      125	      141	      153	       75	       87	       79	      119	      227	      274	       48	      257	      299	       58	
  483.80	      211	      189	      125	      143	      154	       78	       89	       80	      126	      229	      273	       51	      259	      299	       60	
  485.84	      211	      187	      127	      143	      152	       80	       90	       77	      135	      230	      269	       57	      259	      297	       61	
  487.89	      208	      189	      122	      141	      152	       76	       87	       78	      126	      229	      269	       55	      256	      297	       59	
  489.89	      209	      191	      119	      142	      152	       80	       90	       78	      133	      230	      269	       57	      258	      298	       59	
  491.94	      207	      194	      114	      142	      154	       76	       90	       80	      126	      229	      272	       53	      258	      300	       58	
  493.98	      205	      194	      112	      142	      153	       78	       89	       78	      131	      229	      271	       53	      258	      298	       60	
  496.03	      203	      198	      104	      142	      155	       75	       89	       80	      125	      228	      274	       50	      257	      300	       57	
  498.08	      202	      198	      102	      142	      152	       79	       89	       78	      131	      227	      273	       49	      257	      298	       59	
  500.13	      199	      201	       95	      142	      153	       78	       89	       78	      132	      226	      275	       47	      257	      298	       58	
  502.13	      195	      204	       86	      140	      152	       74	       87	       78	      126	      224	      275	       45	      255	      298	       56	
  504.17	      195	      206	       83	      142	      152	       79	       89	       78	      131	      226	      275	       46	      256	      299	       57	
  506.17	      193	      210	       75	      142	      153	       77	       89	       78	      132	      225	      275	       46	      256	      299	       58	
  508.22	      191	      212	       70	      141	      155	       73	       90	       79	      127	      225	      277	       44	      256	      300	       56	
  510.27	      190	      212	       68	      141	      153	       76	       89	       78	      130	      224	      276	       44	      256	      298	       57	
  512.27	      189	      213	       66	      141	      153	       77	       90	       78	      132	      224	      276	       45	      256	      298	       57	
  514.31	      188	      213	       64	      141	      153	       76	       89	       78	      131	      224	      276	       44	      256	      298	       57	
  516.36	      188	      215	       62	      141	      153	       75	       89	       78	      132	      224	      276	       44	      256	      299	       57	
  518.41	      185	      215	       58	      140	      153	       73	       87	       78	      126	      223	      276	       43	      254	      298	       56	
  520.45	      187	      216	       59	      141	      154	       74	       89	       78	      130	      224	      276	       44	      256	      298	       58	
  522.50	      186	      218	       56	      141	      155	       73	       89	       80	      125	      224	      278	       43	      256	      300	       56	
  524.55	      186	      217	       57	      141	      153	       74	       89	       78	      132	      224	      276	       44	      256	      298	       57	
  526.55	      186	      218	       55	      141	      154	       74	       89	       77	      133	      224	      276	       44	      256	      298	       58	
  528.59	      185	      219	       54	      141	      155	       72	       89	       80	      125	      224	      278	       43	      256	      300	       55	
  530.64	      183	      218	       53	      139	      153	       71	       87	       78	      124	      223	      275	       44	      253	      298	       55	
  532.69	      185	      218	       55	      141	      153	       76	       89	       77	      132	      226	      273	       50	      255	      298	       57	
  534.73	      185	      220	       53	      142	      155	       74	       89	       80	      126	      228	      273	       51	      255	      301	       55	
  536.73	      185	      220	       52	      142	      155	       73	       89	       80	      125	      229	      271	       53	      255	      300	       55	
  538.78	      185	      220	       52	      142	      154	       76	       89	       80	      125	      229	      271	       54	      255	      300	       54	
  540.78	      183	      220	       49	      140	      154	       73	       87	       80	      118	      227	      271	       52	      253	      300	       53	
  542.83	      184	      220	       51	      142	      153	       78	       89	       80	      124	      228	      273	       51	      255	      300	       56	
  544.88	      183	      218	       51	      140	      152	       77	       87	       78	      125	      225	      273	       48	      253	      297	       55	
  546.88	      185	      220	       53	      142	      151	       81	       89	       77	      133	      226	      275	       48	      256	      298	       57	
  548.92	      186	      219	       54	      143	      152	       81	       89	       78	      132	      226	      275	       47	      256	      298	       57	
  550.97	      185	      219	       54	      143	      152	       81	       89	       78	      130	      225	      276	       45	      256	      298	       58	
  553.02	      184	      218	       53	      141	      151	       78	       87	       77	      125	      223	      276	       42	      254	      298	       56	
  555.06	      184	      220	       51	      141	      153	       76	       87	       80	      119	      222	      278	       40	      254	      300	       54	
  557.11	      184	      218	       53	      141	      151	       79	       87	       77	      126	      222	      277	       41	      254	      298	       56	
  559.16	      186	      218	       56	      143	      151	       83	       89	       78	      132	      224	      277	       43	      256	      297	       58	
  561.16	      184	      220	       52	      141	      153	       75	       87	       80	      119	      222	      279	       40	      254	      299	       54	
  563.20	      185	      218	       54	      141	      151	       79	       87	       77	      127	      222	      277	       40	      254	      298	       56	
  565.25	      186	      218	       56	      143	      151	       83	       90	       78	      133	      224	      277	       43	      256	      297	       59	
  567.25	      184	      221	       51	      141	      153	       75	       87	       79	      120	      222	      279	       39	      254	      299	       55	
  569.30	      184	      218	       53	      141	      152	       77	       87	       78	      125	      221	      277	       40	      255	      297	       57	
  571.34	      186	      218	       56	      143	      152	       80	       89	       78	      132	      224	      277	       43	      257	      296	       60	
  573.39	      184	      218	       53	      140	      152	       76	       86	       77	      124	      222	      277	       41	      255	      296	       59	
  575.44	      184	      218	       53	      140	      152	       75	       87	       78	      125	      222	      276	       42	      255	      295	       60	
  577.48	      183	      218	       53	      140	      152	       75	       87	       78	      124	      222	      276	       42	      256	      295	       60	
  579.53	      185	      218	       55	      142	      153	       78	       89	       78	      132	      225	      276	       45	      258	      294	       62	
  581.58	      186	      219	       55	      141	      153	       76	       89	       77	      133	      226	      274	       48	      257	      294	       62	
  583.63	      183	      219	       52	      139	      153	       72	       87	       78	      124	      225	      272	       49	      256	      294	       60	
  585.63	      185	      220	       52	      142	      155	       73	       89	       80	      126	      228	      272	       52	      258	      296	       61	
  587.67	      183	      219	       51	      139	      153	       72	       87	       77	      126	      226	      270	       51	      255	      294	       59	
  589.72	      184	      218	       54	      141	      153	       77	       89	       78	      131	      228	      271	       53	      257	      294	       61	
  591.77	      184	      219	       52	      141	      153	       75	       90	       77	      134	      227	      271	       51	      256	      295	       61	
  593.81	      182	      219	       49	      139	      153	       71	       87	       78	      125	      224	      273	       47	      255	      295	       59	
  595.86	      182	      219	       49	      141	      154	       75	       89	       77	      134	      225	      274	       47	      256	      295	       61	
  597.91	      184	      222	       49	      141	      155	       72	       89	       80	      124	      225	      276	       45	      256	      296	       59	
  599.95	      184	      221	       49	      141	      156	       71	       89	       80	      126	      224	      277	       43	      256	      296	       59	
  602.00	      182	      220	       48	      139	      153	       71	       87	       77	      125	      222	      275	       42	      255	      294	       60	
  604.05	      182	      218	       50	      139	      152	       73	       87	       76	      130	      221	      274	       43	      255	      293	       61	
  606.09	      183	      220	       50	      141	      154	       74	       89	       78	      132	      223	      275	       44	      257	      294	       62	
  608.14	      183	      222	       47	      141	      156	       71	       89	       79	      125	      223	      278	       41	      256	      296	       59	
  610.19	      180	      220	       46	      139	      154	       71	       87	       77	      126	      221	      276	       41	      254	      294	       59	
  612.23	      182	      221	       48	      141	      153	       74	       89	       77	      132	      223	      276	       43	      256	      295	       60	
  614.28	      180	      221	       45	      139	      154	       70	       87	       78	      125	      221	      277	       40	      254	      295	       58	
  616.33	      182	      223	       45	      140	      155	       71	       89	       80	      125	      223	      278	       41	      256	      297	       58	
  618.38	      182	      223	       45	      140	      155	       70	       89	       80	      123	      222	      278	       40	      255	      297	       58	
  620.42	      180	      222	       44	      138	      154	       70	       87	       77	      128	      221	      276	       41	      253	      295	       57	
  622.47	      182	      222	       46	      141	      154	       74	       89	       77	      133	      222	      276	       42	      255	      295	       59	
  624.47	      182	      222	       46	      141	      153	       74	       89	       78	      132	      223	      276	       43	      255	      296	       58	
  626.52	      181	      222	       46	      141	      153	       74	       89	       77	      134	      222	      276	       42	      255	      295	       59	
  628.56	      179	      222	       42	      138	      154	       70	       87	       78	      124	      220	      276	       40	      253	      295	       57	
  630.61	      181	      222	       45	      141	      154	       74	       89	       78	      132	      222	      276	       42	      254	      296	       58	
  632.66	      181	      224	       44	      140	      156	       69	       89	       80	      125	      222	      278	       40	      254	      298	       56	
  634.70	      181	      222	       45	      140	      153	       73	       89	       77	      133	      222	      276	       42	      254	      296	       57	
  636.75	      179	      223	       42	      138	      154	       69	       87	       78	      124	      220	      277	       39	      252	      296	       55	
  638.80	      179	      222	       42	      138	      154	       70	       87	       78	      124	      220	      277	       39	      251	      296	       54	
  640.84	      181	      224	       43	      140	      156	       69	       89	       79	      126	      222	      279	       39	      253	      299	       54	
  642.89	      181	      224	       42	      140	      156	       70	       89	       80	      124	      222	      279	       40	      253	      299	       54	
  644.89	      181	      222	       45	      140	      154	       73	       89	       77	      136	      222	      276	       42	      253	      296	       56	
  646.94	      179	      222	       43	      139	      154	       70	       87	       78	      125	      220	      276	       40	      251	      296	       54	
  648.98	      181	      222	       45	      140	      154	       73	       90	       77	      135	      222	      276	       42	      253	      296	       56	
  650.98	      179	      226	       38	      138	      158	       63	       86	       82	      111	      220	      280	       37	      251	      300	       51	
  653.03	      181	      222	       46	      140	      154	       73	       89	       78	      130	      222	      276	       42	      253	      297	       56	
  655.08	      181	      223	       44	      140	      155	       70	       89	       80	      123	      223	      277	       42	      253	      298	       55	
  657.13	      182	      223	       45	      140	      156	       68	       89	       80	      124	      223	      275	       44	      253	      298	       54	
  659.17	      180	      224	       42	      138	      156	       66	       87	       80	      118	      223	      275	       44	      251	      299	       52	
  661.22	      179	      222	       43	      139	      153	       70	       87	       77	      126	      223	      272	       46	      250	      297	       53	
  663.22	      181	      221	       46	      140	      153	       74	       89	       77	      132	      225	      272	       48	      253	      296	       56	
  665.27	      181	      221	       46	      140	      153	       75	       89	       78	      132	      225	      272	       49	      253	      296	       56	
  667.31	      180	      222	       44	      138	      153	       70	       87	       77	      125	      223	      272	       47	      251	      296	       54	
  669.36	      179	      221	       44	      139	      153	       71	       87	       78	      126	      222	      272	       46	      250	      296	       53	
  671.41	      179	      221	       44	      139	      153	       71	       87	       77	      125	      222	      272	       45	      250	      296	       53	
  673.45	      181	      221	       47	      140	      153	       75	       89	       77	      132	      223	      273	       45	      252	      297	       55	
  675.45	      179	      223	       42	      139	      154	       70	       87	       80	      119	      221	      276	       41	      250	      299	       52	
  677.50	      181	      221	       46	      141	      152	       76	       89	       77	      132	      222	      274	       44	      251	      297	       54	
  679.55	      181	      223	       44	      141	      155	       72	       89	       79	      127	      222	      277	       41	      252	      298	       53	
  681.55	      181	      223	       45	      140	      153	       75	       89	       77	      132	      222	      275	       43	      252	      297	       55	
  683.59	      179	      222	       43	      138	      153	       69	       87	       78	      126	      219	      275	       40	      250	      296	       53	
  685.64	      179	      221	       44	      139	      153	       71	       87	       78	      125	      219	      275	       40	      250	      296	       53	
  687.69	      179	      221	       44	      139	      153	       71	       86	       78	      123	      219	      275	       39	      250	      296	       53	
  689.73	      179	      221	       44	      138	      153	       71	       87	       78	      125	      219	      275	       40	      250	      296	       54	
  691.78	      181	      221	       46	      140	      153	       74	       90	       78	      132	      221	      276	       41	      252	      295	       56	
  693.83	      181	      222	       45	      140	      153	       74	       89	       77	      133	      221	      276	       41	      252	      296	       56	
  695.83	      180	      223	       43	      140	      154	       72	       90	       79	      127	      221	      278	       39	      251	      297	       53	
  697.88	      179	      222	       43	      138	      153	       70	       87	       78	      127	      219	      276	       39	      249	      296	       53	
  699.92	      181	      222	       45	      140	      153	       74	       89	       77	      132	      220	      276	       41	      252	      295	       56	
  701.97	      181	      223	       44	      140	      155	       70	       89	       79	      126	      220	      278	       39	      251	      298	       53	
  704.02	      181	      223	       44	      140	      155	       71	       89	       80	      125	      220	      278	       39	      252	      298	       54	
  706.06	      179	      221	       43	      138	      153	       69	       87	       78	      126	      219	      275	       39	      249	      295	       54	
  708.11	      179	      221	       43	      138	      153	       71	       86	       77	      124	      218	      276	       38	      250	      295	       54	
  710.16	      181	      221	       46	      140	      153	       73	       89	       78	      130	      220	      275	       41	      252	      295	       56	
  712.20	      181	      223	       44	      140	      155	       70	       89	       80	      125	      219	      277	       38	      251	      297	       54	
  714.25	      181	      221	       46	      140	      153	       74	       89	       77	      132	      220	      275	       40	      251	      295	       55	
  716.30	      181	      221	       46	      140	      153	       74	       90	       77	      134	      220	      275	       40	      251	      295	       55	
  718.34	      181	      221	       46	      140	      153	       74	       89	       78	      133	      220	      275	       40	      251	      296	       55	
  720.39	      181	      223	       44	      140	      154	       72	       89	       79	      125	      220	      278	       38	      251	      298	       53	
